========================================================================================================================
F05_noise_performance.csv
========================================================================================================================
Shape: (8, 24)

Columns:
[00] method
[01] noise_level
[02] noise_percent
[03] n_replicates
[04] mse_mean
[05] mse_std
[06] mae_mean
[07] mae_std
[08] rmse_mean
[09] rmse_std
[10] damaged_mae_mean
[11] damaged_mae_std
[12] zero_mae_mean
[13] zero_mae_std
[14] low_mae_mean
[15] low_mae_std
[16] medium_mae_mean
[17] medium_mae_std
[18] high_mae_mean
[19] high_mae_std
[20] high_abs_bias_mean
[21] high_abs_bias_std
[22] high_underestimation_mean
[23] high_underestimation_std

LOW-CARDINALITY COLUMNS:

method (n_unique=2):
<StringArray>
['calibrated_svr', 'standard_svr']
Length: 2, dtype: str

noise_level (n_unique=4):
[0.   0.05 0.1  0.2 ]

noise_percent (n_unique=4):
[ 0  5 10 20]

n_replicates (n_unique=2):
[1 5]

mse_mean (n_unique=8):
[0.00115978 0.00534642 0.02555715 0.1144672  0.00119118 0.00478507
 0.02263051 0.10898955]

mse_std (n_unique=7):
[0.         0.00014861 0.00029094 0.00060854 0.00012537 0.00027919
 0.00059373]

mae_mean (n_unique=8):
[0.02167655 0.04672939 0.11992427 0.29205037 0.02204714 0.04435935
 0.11180562 0.28389312]

mae_std (n_unique=7):
[0.         0.00052234 0.00096296 0.00089241 0.00052913 0.00093978
 0.00089174]

rmse_mean (n_unique=8):
[0.0340556  0.07311351 0.15986397 0.33832906 0.03451353 0.06916945
 0.15043211 0.33013467]

rmse_std (n_unique=7):
[0.         0.00101851 0.00090808 0.0008997  0.00090779 0.0009262
 0.00089945]

damaged_mae_mean (n_unique=8):
[0.03069226 0.05710536 0.12087485 0.23712259 0.03211125 0.05290733
 0.11156644 0.23248302]

damaged_mae_std (n_unique=7):
[0.         0.00095149 0.00095762 0.00192293 0.00100686 0.00097173
 0.002013  ]

zero_mae_mean (n_unique=8):
[0.01765751 0.04210396 0.11950051 0.31653624 0.01756073 0.04054881
 0.11191224 0.30681087]

zero_mae_std (n_unique=7):
[0.         0.00048547 0.00116399 0.00119014 0.00046035 0.00111186
 0.00125171]

low_mae_mean (n_unique=8):
[0.02318313 0.04772487 0.11455655 0.26621066 0.02173287 0.04371398
 0.10481076 0.25742216]

low_mae_std (n_unique=7):
[0.         0.00163969 0.00391383 0.00628028 0.00183744 0.00374048
 0.00633181]

medium_mae_mean (n_unique=8):
[0.02934901 0.05605054 0.12356856 0.26337092 0.03125089 0.05027262
 0.1119348  0.25730445]

medium_mae_std (n_unique=7):
[0.         0.00146921 0.00471158 0.00197274 0.00125976 0.00463121
 0.00234429]

high_mae_mean (n_unique=8):
[0.03452267 0.06149917 0.12169739 0.209074   0.03677996 0.05821843
 0.11402268 0.20698064]

high_mae_std (n_unique=7):
[0.         0.00145324 0.00162263 0.00266915 0.00162326 0.00185961
 0.0028129 ]

high_abs_bias_mean (n_unique=8):
[0.00286395 0.01282379 0.05705172 0.13233788 0.0213373  0.00478949
 0.04257492 0.12853424]

high_abs_bias_std (n_unique=7):
[0.         0.00127302 0.00371596 0.0016664  0.00127216 0.00366599
 0.00129631]

high_underestimation_mean (n_unique=8):
[0.46715328 0.38540146 0.26131387 0.1729927  0.68248175 0.5
 0.29708029 0.18175182]

high_underestimation_std (n_unique=7):
[0.         0.01495905 0.01199392 0.0048965  0.02308232 0.0105145
 0.00652867]

FIRST 12 ROWS:
        method  noise_level  noise_percent  n_replicates  mse_mean  mse_std  mae_mean  mae_std  rmse_mean  rmse_std  damaged_mae_mean  damaged_mae_std  zero_mae_mean  zero_mae_std  low_mae_mean  low_mae_std  medium_mae_mean  medium_mae_std  high_mae_mean  high_mae_std  high_abs_bias_mean  high_abs_bias_std  high_underestimation_mean  high_underestimation_std
calibrated_svr         0.00              0             1  0.001160 0.000000  0.021677 0.000000   0.034056  0.000000          0.030692         0.000000       0.017658      0.000000      0.023183     0.000000         0.029349        0.000000       0.034523      0.000000            0.002864           0.000000                   0.467153                  0.000000
calibrated_svr         0.05              5             5  0.005346 0.000149  0.046729 0.000522   0.073114  0.001019          0.057105         0.000951       0.042104      0.000485      0.047725     0.001640         0.056051        0.001469       0.061499      0.001453            0.012824           0.001273                   0.385401                  0.014959
calibrated_svr         0.10             10             5  0.025557 0.000291  0.119924 0.000963   0.159864  0.000908          0.120875         0.000958       0.119501      0.001164      0.114557     0.003914         0.123569        0.004712       0.121697      0.001623            0.057052           0.003716                   0.261314                  0.011994
calibrated_svr         0.20             20             5  0.114467 0.000609  0.292050 0.000892   0.338329  0.000900          0.237123         0.001923       0.316536      0.001190      0.266211     0.006280         0.263371        0.001973       0.209074      0.002669            0.132338           0.001666                   0.172993                  0.004896
  standard_svr         0.00              0             1  0.001191 0.000000  0.022047 0.000000   0.034514  0.000000          0.032111         0.000000       0.017561      0.000000      0.021733     0.000000         0.031251        0.000000       0.036780      0.000000            0.021337           0.000000                   0.682482                  0.000000
  standard_svr         0.05              5             5  0.004785 0.000125  0.044359 0.000529   0.069169  0.000908          0.052907         0.001007       0.040549      0.000460      0.043714     0.001837         0.050273        0.001260       0.058218      0.001623            0.004789           0.001272                   0.500000                  0.023082
  standard_svr         0.10             10             5  0.022631 0.000279  0.111806 0.000940   0.150432  0.000926          0.111566         0.000972       0.111912      0.001112      0.104811     0.003740         0.111935        0.004631       0.114023      0.001860            0.042575           0.003666                   0.297080                  0.010514
  standard_svr         0.20             20             5  0.108990 0.000594  0.283893 0.000892   0.330135  0.000899          0.232483         0.002013       0.306811      0.001252      0.257422     0.006332         0.257304        0.002344       0.206981      0.002813            0.128534           0.001296                   0.181752                  0.006529

NUMERIC SUMMARY:
                           count      mean       std       min       25%       50%        75%        max
noise_level                  8.0  0.087500  0.079057  0.000000  0.037500  0.075000   0.125000   0.200000
noise_percent                8.0  8.750000  7.905694  0.000000  3.750000  7.500000  12.500000  20.000000
n_replicates                 8.0  4.000000  1.851640  1.000000  4.000000  5.000000   5.000000   5.000000
mse_mean                     8.0  0.035516  0.047973  0.001160  0.003887  0.013988   0.046415   0.114467
mse_std                      8.0  0.000256  0.000239  0.000000  0.000094  0.000214   0.000367   0.000609
mae_mean                     8.0  0.117811  0.111383  0.021677  0.038781  0.079268   0.160916   0.292050
mae_std                      8.0  0.000592  0.000405  0.000000  0.000392  0.000710   0.000904   0.000963
rmse_mean                    8.0  0.148701  0.123766  0.034056  0.060505  0.111773   0.202432   0.338329
rmse_std                     8.0  0.000695  0.000431  0.000000  0.000675  0.000904   0.000913   0.001019
damaged_mae_mean             8.0  0.109358  0.084256  0.030692  0.047708  0.084336   0.148777   0.237123
damaged_mae_std              8.0  0.000978  0.000744  0.000000  0.000714  0.000965   0.001236   0.002013
zero_mae_mean                8.0  0.121579  0.123588  0.017561  0.034826  0.077008   0.166328   0.316536
zero_mae_std                 8.0  0.000708  0.000536  0.000000  0.000345  0.000799   0.001171   0.001252
low_mae_mean                 8.0  0.109919  0.099845  0.021733  0.038581  0.076268   0.150273   0.266211
low_mae_std                  8.0  0.002968  0.002520  0.000000  0.001230  0.002789   0.004505   0.006332
medium_mae_mean              8.0  0.115388  0.095887  0.029349  0.045517  0.083993   0.157003   0.263371
medium_mae_std               8.0  0.002049  0.001821  0.000000  0.000945  0.001721   0.002916   0.004712
high_mae_mean                8.0  0.105349  0.071006  0.034523  0.052859  0.087761   0.143018   0.209074
high_mae_std                 8.0  0.001505  0.001052  0.000000  0.001090  0.001623   0.002062   0.002813
high_abs_bias_mean           8.0  0.050289  0.052808  0.002864  0.010815  0.031956   0.074922   0.132338
high_abs_bias_std            8.0  0.001611  0.001423  0.000000  0.000954  0.001285   0.002166   0.003716
high_underestimation_mean    8.0  0.368522  0.175492  0.172993  0.241423  0.341241   0.475365   0.682482
high_underestimation_std     8.0  0.008997  0.007838  0.000000  0.003672  0.008522   0.012735   0.023082

FULL DATA:
        method  noise_level  noise_percent  n_replicates  mse_mean  mse_std  mae_mean  mae_std  rmse_mean  rmse_std  damaged_mae_mean  damaged_mae_std  zero_mae_mean  zero_mae_std  low_mae_mean  low_mae_std  medium_mae_mean  medium_mae_std  high_mae_mean  high_mae_std  high_abs_bias_mean  high_abs_bias_std  high_underestimation_mean  high_underestimation_std
calibrated_svr         0.00              0             1  0.001160 0.000000  0.021677 0.000000   0.034056  0.000000          0.030692         0.000000       0.017658      0.000000      0.023183     0.000000         0.029349        0.000000       0.034523      0.000000            0.002864           0.000000                   0.467153                  0.000000
calibrated_svr         0.05              5             5  0.005346 0.000149  0.046729 0.000522   0.073114  0.001019          0.057105         0.000951       0.042104      0.000485      0.047725     0.001640         0.056051        0.001469       0.061499      0.001453            0.012824           0.001273                   0.385401                  0.014959
calibrated_svr         0.10             10             5  0.025557 0.000291  0.119924 0.000963   0.159864  0.000908          0.120875         0.000958       0.119501      0.001164      0.114557     0.003914         0.123569        0.004712       0.121697      0.001623            0.057052           0.003716                   0.261314                  0.011994
calibrated_svr         0.20             20             5  0.114467 0.000609  0.292050 0.000892   0.338329  0.000900          0.237123         0.001923       0.316536      0.001190      0.266211     0.006280         0.263371        0.001973       0.209074      0.002669            0.132338           0.001666                   0.172993                  0.004896
  standard_svr         0.00              0             1  0.001191 0.000000  0.022047 0.000000   0.034514  0.000000          0.032111         0.000000       0.017561      0.000000      0.021733     0.000000         0.031251        0.000000       0.036780      0.000000            0.021337           0.000000                   0.682482                  0.000000
  standard_svr         0.05              5             5  0.004785 0.000125  0.044359 0.000529   0.069169  0.000908          0.052907         0.001007       0.040549      0.000460      0.043714     0.001837         0.050273        0.001260       0.058218      0.001623            0.004789           0.001272                   0.500000                  0.023082
  standard_svr         0.10             10             5  0.022631 0.000279  0.111806 0.000940   0.150432  0.000926          0.111566         0.000972       0.111912      0.001112      0.104811     0.003740         0.111935        0.004631       0.114023      0.001860            0.042575           0.003666                   0.297080                  0.010514
  standard_svr         0.20             20             5  0.108990 0.000594  0.283893 0.000892   0.330135  0.000899          0.232483         0.002013       0.306811      0.001252      0.257422     0.006332         0.257304        0.002344       0.206981      0.002813            0.128534           0.001296                   0.181752                  0.006529

========================================================================================================================
F05_bias_reversal.csv
========================================================================================================================
Shape: (8, 7)

Columns:
[00] method
[01] noise_level
[02] noise_percent
[03] high_signed_bias
[04] bias_sign
[05] clean_bias
[06] sign_differs_from_clean

LOW-CARDINALITY COLUMNS:

method (n_unique=2):
<StringArray>
['standard_svr', 'calibrated_svr']
Length: 2, dtype: str

noise_level (n_unique=4):
[0.   0.05 0.1  0.2 ]

noise_percent (n_unique=4):
[ 0  5 10 20]

high_signed_bias (n_unique=8):
[-0.0213373  -0.00478949  0.04257492  0.12853424 -0.00286395  0.01282379
  0.05705172  0.13233788]

bias_sign (n_unique=2):
<StringArray>
['negative', 'positive']
Length: 2, dtype: str

clean_bias (n_unique=2):
[-0.0213373  -0.00286395]

sign_differs_from_clean (n_unique=2):
[False  True]

FIRST 12 ROWS:
        method  noise_level  noise_percent  high_signed_bias bias_sign  clean_bias  sign_differs_from_clean
  standard_svr         0.00              0         -0.021337  negative   -0.021337                    False
  standard_svr         0.05              5         -0.004789  negative   -0.021337                    False
  standard_svr         0.10             10          0.042575  positive   -0.021337                     True
  standard_svr         0.20             20          0.128534  positive   -0.021337                     True
calibrated_svr         0.00              0         -0.002864  negative   -0.002864                    False
calibrated_svr         0.05              5          0.012824  positive   -0.002864                     True
calibrated_svr         0.10             10          0.057052  positive   -0.002864                     True
calibrated_svr         0.20             20          0.132338  positive   -0.002864                     True

NUMERIC SUMMARY:
                  count      mean       std       min       25%       50%        75%        max
noise_level         8.0  0.087500  0.079057  0.000000  0.037500  0.075000   0.125000   0.200000
noise_percent       8.0  8.750000  7.905694  0.000000  3.750000  7.500000  12.500000  20.000000
high_signed_bias    8.0  0.043041  0.059680 -0.021337 -0.003345  0.027699   0.074922   0.132338
clean_bias          8.0 -0.012101  0.009874 -0.021337 -0.021337 -0.012101  -0.002864  -0.002864

FULL DATA:
        method  noise_level  noise_percent  high_signed_bias bias_sign  clean_bias  sign_differs_from_clean
  standard_svr         0.00              0         -0.021337  negative   -0.021337                    False
  standard_svr         0.05              5         -0.004789  negative   -0.021337                    False
  standard_svr         0.10             10          0.042575  positive   -0.021337                     True
  standard_svr         0.20             20          0.128534  positive   -0.021337                     True
calibrated_svr         0.00              0         -0.002864  negative   -0.002864                    False
calibrated_svr         0.05              5          0.012824  positive   -0.002864                     True
calibrated_svr         0.10             10          0.057052  positive   -0.002864                     True
calibrated_svr         0.20             20          0.132338  positive   -0.002864                     True

========================================================================================================================
F05_prediction_saturation.csv
========================================================================================================================
Shape: (48, 23)

Columns:
[00] method
[01] noise_level
[02] noise_percent
[03] severity
[04] n_replicates
[05] prediction_mean_mean
[06] prediction_mean_std
[07] prediction_std_mean
[08] prediction_std_std
[09] prediction_q05_mean
[10] prediction_q05_std
[11] prediction_q25_mean
[12] prediction_q25_std
[13] prediction_q50_mean
[14] prediction_q50_std
[15] prediction_q75_mean
[16] prediction_q75_std
[17] prediction_q95_mean
[18] prediction_q95_std
[19] clip_low_ratio_mean
[20] clip_low_ratio_std
[21] clip_high_ratio_mean
[22] clip_high_ratio_std

LOW-CARDINALITY COLUMNS:

method (n_unique=2):
<StringArray>
['calibrated_svr', 'standard_svr']
Length: 2, dtype: str

noise_level (n_unique=4):
[0.   0.05 0.1  0.2 ]

noise_percent (n_unique=4):
[ 0  5 10 20]

severity (n_unique=6):
<StringArray>
['all', 'damaged', 'high', 'low', 'medium', 'zero']
Length: 6, dtype: str

n_replicates (n_unique=2):
[1 5]

prediction_q05_mean (n_unique=12):
[0.         0.0435123  0.02050785 0.17639444 0.14542185 0.07291841
 0.0038293  0.05942651 0.02374293 0.16057775 0.13015583 0.07085176]

prediction_q05_std (n_unique=7):
[0.         0.00188787 0.00461553 0.01507613 0.00478371 0.00353339
 0.01067211]

FIRST 12 ROWS:
        method  noise_level  noise_percent severity  n_replicates  prediction_mean_mean  prediction_mean_std  prediction_std_mean  prediction_std_std  prediction_q05_mean  prediction_q05_std  prediction_q25_mean  prediction_q25_std  prediction_q50_mean  prediction_q50_std  prediction_q75_mean  prediction_q75_std  prediction_q95_mean  prediction_q95_std  clip_low_ratio_mean  clip_low_ratio_std  clip_high_ratio_mean  clip_high_ratio_std
calibrated_svr         0.00              0      all             1              0.071834             0.000000             0.100805            0.000000             0.000000            0.000000             0.000000            0.000000             0.024880            0.000000             0.095520            0.000000             0.306087            0.000000             0.258889            0.000000              0.000000         0.000000e+00
calibrated_svr         0.05              5      all             5              0.093519             0.000247             0.112470            0.000674             0.000000            0.000000             0.007308            0.001423             0.048261            0.000994             0.146038            0.001994             0.340175            0.003778             0.216333            0.005741              0.004667         4.969040e-04
calibrated_svr         0.10             10      all             5              0.162560             0.001448             0.144254            0.000626             0.000000            0.000000             0.044211            0.001357             0.127706            0.002420             0.251285            0.002348             0.469759            0.005735             0.189556            0.005752              0.038667         1.867526e-03
calibrated_svr         0.20             20      all             5              0.333382             0.001352             0.191073            0.000347             0.000000            0.000000             0.219465            0.005705             0.411034            0.001345             0.500000            0.000000             0.500000            0.000000             0.185778            0.000633              0.349222         4.931631e-03
calibrated_svr         0.00              0  damaged             1              0.193366             0.000000             0.101828            0.000000             0.043512            0.000000             0.104423            0.000000             0.191908            0.000000             0.271926            0.000000             0.358563            0.000000             0.012613            0.000000              0.000000         0.000000e+00
calibrated_svr         0.05              5  damaged             5              0.208857             0.000452             0.120346            0.001360             0.020508            0.001888             0.111296            0.001506             0.204433            0.002277             0.292113            0.002311             0.416810            0.003811             0.024865            0.001507              0.015135         1.611581e-03
calibrated_svr         0.10             10  damaged             5              0.259153             0.002569             0.154743            0.000687             0.000000            0.000000             0.145630            0.010368             0.265596            0.003328             0.377982            0.003594             0.500000            0.000000             0.092252            0.007895              0.091171         5.190941e-03
calibrated_svr         0.20             20  damaged             5              0.371171             0.002007             0.190257            0.001700             0.000000            0.000000             0.295491            0.012265             0.500000            0.000000             0.500000            0.000000             0.500000            0.000000             0.161802            0.002673              0.524685         8.098092e-03
calibrated_svr         0.00              0     high             1              0.275749             0.000000             0.065890            0.000000             0.176394            0.000000             0.225687            0.000000             0.273547            0.000000             0.320710            0.000000             0.385656            0.000000             0.000000            0.000000              0.000000         0.000000e+00
calibrated_svr         0.05              5     high             5              0.291436             0.001273             0.092369            0.001764             0.145422            0.004616             0.230893            0.004081             0.288259            0.002734             0.351356            0.003365             0.440737            0.004916             0.003650            0.002581              0.025547         3.878960e-18
calibrated_svr         0.10             10     high             5              0.335664             0.003716             0.132912            0.002517             0.072918            0.015076             0.260745            0.004216             0.352376            0.006078             0.444792            0.004906             0.500000            0.000000             0.018978            0.005413              0.156204         1.012733e-02
calibrated_svr         0.20             20     high             5              0.410950             0.001666             0.169266            0.003645             0.000000            0.000000             0.433751            0.011735             0.500000            0.000000             0.500000            0.000000             0.500000            0.000000             0.104380            0.003264              0.664964         1.446103e-02

NUMERIC SUMMARY:
                      count      mean       std       min       25%       50%        75%        max
noise_level            48.0  0.087500  0.074734  0.000000  0.037500  0.075000   0.125000   0.200000
noise_percent          48.0  8.750000  7.473357  0.000000  3.750000  7.500000  12.500000  20.000000
n_replicates           48.0  4.000000  1.750380  1.000000  4.000000  5.000000   5.000000   5.000000
prediction_mean_mean   48.0  0.202421  0.113239  0.017561  0.107314  0.192990   0.306973   0.410950
prediction_mean_std    48.0  0.001664  0.001849  0.000000  0.000173  0.001262   0.002041   0.006445
prediction_std_mean    48.0  0.117491  0.053463  0.022940  0.073754  0.115177   0.158374   0.202440
prediction_std_std     48.0  0.001232  0.001326  0.000000  0.000248  0.000742   0.001672   0.004708
prediction_q05_mean    48.0  0.022049  0.044920  0.000000  0.000000  0.000000   0.021317   0.176394
prediction_q05_std     48.0  0.000984  0.002849  0.000000  0.000000  0.000000   0.000000   0.015076
prediction_q25_mean    48.0  0.122007  0.107544  0.000000  0.038284  0.104499   0.202832   0.433751
prediction_q25_std     48.0  0.005611  0.008213  0.000000  0.000000  0.002835   0.007208   0.041195
prediction_q50_mean    48.0  0.217622  0.153679  0.010139  0.089755  0.188707   0.353469   0.500000
prediction_q50_std     48.0  0.002841  0.003515  0.000000  0.000000  0.002344   0.003340   0.015358
prediction_q75_mean    48.0  0.282243  0.160232  0.027337  0.152633  0.272085   0.457439   0.500000
prediction_q75_std     48.0  0.002131  0.003143  0.000000  0.000000  0.001114   0.003032   0.013824
prediction_q95_mean    48.0  0.364888  0.138512  0.060311  0.283230  0.391839   0.500000   0.500000
prediction_q95_std     48.0  0.003997  0.007794  0.000000  0.000000  0.000000   0.005038   0.031714
clip_low_ratio_mean    48.0  0.137897  0.105005  0.000000  0.024172  0.150668   0.213716   0.368675
clip_low_ratio_std     48.0  0.004948  0.006220  0.000000  0.000000  0.002636   0.006868   0.025007
clip_high_ratio_mean   48.0  0.118803  0.187868  0.000000  0.000000  0.017850   0.177997   0.664964
clip_high_ratio_std    48.0  0.005144  0.006148  0.000000  0.000000  0.003229   0.007781   0.023454

========================================================================================================================
F05_descriptor_shift.csv
========================================================================================================================
Shape: (312, 20)

Columns:
[00] noise_level
[01] noise_percent
[02] feature_index
[03] feature_name
[04] n_replicates
[05] signed_mean_delta_z_mean
[06] signed_mean_delta_z_std
[07] mean_abs_delta_z_mean
[08] mean_abs_delta_z_std
[09] median_abs_delta_z_mean
[10] median_abs_delta_z_std
[11] rms_delta_z_mean
[12] rms_delta_z_std
[13] p95_abs_delta_z_mean
[14] p95_abs_delta_z_std
[15] fraction_abs_delta_z_gt_1_mean
[16] fraction_abs_delta_z_gt_1_std
[17] fraction_abs_delta_z_gt_2_mean
[18] fraction_abs_delta_z_gt_2_std
[19] rank_by_mean_abs_shift

LOW-CARDINALITY COLUMNS:

noise_level (n_unique=4):
[0.   0.05 0.1  0.2 ]

noise_percent (n_unique=4):
[ 0  5 10 20]

n_replicates (n_unique=2):
[1 5]

FIRST 12 ROWS:
 noise_level  noise_percent  feature_index         feature_name  n_replicates  signed_mean_delta_z_mean  signed_mean_delta_z_std  mean_abs_delta_z_mean  mean_abs_delta_z_std  median_abs_delta_z_mean  median_abs_delta_z_std  rms_delta_z_mean  rms_delta_z_std  p95_abs_delta_z_mean  p95_abs_delta_z_std  fraction_abs_delta_z_gt_1_mean  fraction_abs_delta_z_gt_1_std  fraction_abs_delta_z_gt_2_mean  fraction_abs_delta_z_gt_2_std  rank_by_mean_abs_shift
         0.0              0              0         story_1_mean             1                       0.0                      0.0                    0.0                   0.0                      0.0                     0.0               0.0              0.0                   0.0                  0.0                             0.0                            0.0                             0.0                            0.0                       1
         0.0              0              1          story_1_std             1                       0.0                      0.0                    0.0                   0.0                      0.0                     0.0               0.0              0.0                   0.0                  0.0                             0.0                            0.0                             0.0                            0.0                       2
         0.0              0              2      story_1_max_abs             1                       0.0                      0.0                    0.0                   0.0                      0.0                     0.0               0.0              0.0                   0.0                  0.0                             0.0                            0.0                             0.0                            0.0                       3
         0.0              0              3          story_1_rms             1                       0.0                      0.0                    0.0                   0.0                      0.0                     0.0               0.0              0.0                   0.0                  0.0                             0.0                            0.0                             0.0                            0.0                       4
         0.0              0              4 story_1_peak_to_peak             1                       0.0                      0.0                    0.0                   0.0                      0.0                     0.0               0.0              0.0                   0.0                  0.0                             0.0                            0.0                             0.0                            0.0                       5
         0.0              0              5 story_1_crest_factor             1                       0.0                      0.0                    0.0                   0.0                      0.0                     0.0               0.0              0.0                   0.0                  0.0                             0.0                            0.0                             0.0                            0.0                       6
         0.0              0              6         story_2_mean             1                       0.0                      0.0                    0.0                   0.0                      0.0                     0.0               0.0              0.0                   0.0                  0.0                             0.0                            0.0                             0.0                            0.0                       7
         0.0              0              7          story_2_std             1                       0.0                      0.0                    0.0                   0.0                      0.0                     0.0               0.0              0.0                   0.0                  0.0                             0.0                            0.0                             0.0                            0.0                       8
         0.0              0              8      story_2_max_abs             1                       0.0                      0.0                    0.0                   0.0                      0.0                     0.0               0.0              0.0                   0.0                  0.0                             0.0                            0.0                             0.0                            0.0                       9
         0.0              0              9          story_2_rms             1                       0.0                      0.0                    0.0                   0.0                      0.0                     0.0               0.0              0.0                   0.0                  0.0                             0.0                            0.0                             0.0                            0.0                      10
         0.0              0             10 story_2_peak_to_peak             1                       0.0                      0.0                    0.0                   0.0                      0.0                     0.0               0.0              0.0                   0.0                  0.0                             0.0                            0.0                             0.0                            0.0                      11
         0.0              0             11 story_2_crest_factor             1                       0.0                      0.0                    0.0                   0.0                      0.0                     0.0               0.0              0.0                   0.0                  0.0                             0.0                            0.0                             0.0                            0.0                      12

NUMERIC SUMMARY:
                                count       mean        std       min      25%        50%        75%        max
noise_level                     312.0   0.087500   0.074070  0.000000   0.0375   0.075000   0.125000   0.200000
noise_percent                   312.0   8.750000   7.406979  0.000000   3.7500   7.500000  12.500000  20.000000
feature_index                   312.0  38.500000  22.550978  0.000000  19.0000  38.500000  58.000000  77.000000
n_replicates                    312.0   4.000000   1.734833  1.000000   4.0000   5.000000   5.000000   5.000000
signed_mean_delta_z_mean        312.0   0.066397   0.202290 -0.389191   0.0000   0.000151   0.042110   1.461050
signed_mean_delta_z_std         312.0   0.002123   0.004444  0.000000   0.0000   0.000331   0.002219   0.043976
mean_abs_delta_z_mean           312.0   0.100881   0.199203  0.000000   0.0000   0.012891   0.118677   1.461050
mean_abs_delta_z_std            312.0   0.001665   0.003019  0.000000   0.0000   0.000311   0.001929   0.019625
median_abs_delta_z_mean         312.0   0.055807   0.133992  0.000000   0.0000   0.006304   0.050319   1.089652
median_abs_delta_z_std          312.0   0.001718   0.003622  0.000000   0.0000   0.000171   0.001872   0.027313
rms_delta_z_mean                312.0   0.168777   0.330384  0.000000   0.0000   0.022721   0.213584   2.700164
rms_delta_z_std                 312.0   0.004733   0.010009  0.000000   0.0000   0.000939   0.004576   0.102456
p95_abs_delta_z_mean            312.0   0.365955   0.735210  0.000000   0.0000   0.045906   0.405445   6.145685
p95_abs_delta_z_std             312.0   0.015066   0.034337  0.000000   0.0000   0.001625   0.015160   0.275308
fraction_abs_delta_z_gt_1_mean  312.0   0.019447   0.062936  0.000000   0.0000   0.000000   0.000444   0.561778
fraction_abs_delta_z_gt_1_std   312.0   0.000989   0.002074  0.000000   0.0000   0.000000   0.000994   0.014194
fraction_abs_delta_z_gt_2_mean  312.0   0.005648   0.025226  0.000000   0.0000   0.000000   0.000000   0.293333
fraction_abs_delta_z_gt_2_std   312.0   0.000412   0.001269  0.000000   0.0000   0.000000   0.000000   0.009243
rank_by_mean_abs_shift          312.0  39.500000  22.550978  1.000000  20.0000  39.500000  59.000000  78.000000

========================================================================================================================
F05 DESCRIPTOR-SHIFT STRUCTURE
========================================================================================================================

noise_level (n_unique=4):
[0.   0.05 0.1  0.2 ]

noise_percent (n_unique=4):
[ 0  5 10 20]

n_replicates (n_unique=2):
[1 5]

fraction_abs_delta_z_gt_2_std (n_unique=23):
[0.         0.00121716 0.00272166 0.00222222 0.00099381 0.00253372
 0.00198762 0.0046081  0.00579485 0.00496904 0.00371849 0.00337017
 0.00185924 0.0031427  0.00397523 0.00289742 0.00600411 0.00825519
 0.00924295 0.00157135 0.00298142 0.00640216 0.00365148]

========================================================================================================================
CANDIDATE RANKING COLUMNS
========================================================================================================================
signed_mean_delta_z_mean
signed_mean_delta_z_std
mean_abs_delta_z_mean
mean_abs_delta_z_std
median_abs_delta_z_mean
median_abs_delta_z_std
rms_delta_z_mean
rms_delta_z_std
p95_abs_delta_z_mean
p95_abs_delta_z_std
fraction_abs_delta_z_gt_1_mean
fraction_abs_delta_z_gt_1_std
fraction_abs_delta_z_gt_2_mean
fraction_abs_delta_z_gt_2_std
rank_by_mean_abs_shift

========================================================================================================================
F05 SATURATION GROUPING CHECK
========================================================================================================================

method -> ['calibrated_svr', 'standard_svr']

noise_level -> [np.float64(0.0), np.float64(0.05), np.float64(0.1), np.float64(0.2)]

noise_percent -> [np.int64(0), np.int64(5), np.int64(10), np.int64(20)]

severity -> ['all', 'damaged', 'high', 'low', 'medium', 'zero']

n_replicates -> [np.int64(1), np.int64(5)]

prediction_q05_mean -> [np.float64(0.0), np.float64(0.0435122988717811), np.float64(0.0205078459665101), np.float64(0.176394443948608), np.float64(0.1454218508005628), np.float64(0.0729184086842175), np.float64(0.0038293010007584), np.float64(0.0594265079521241), np.float64(0.0237429330740992), np.float64(0.1605777475411453), np.float64(0.1301558332069098), np.float64(0.0708517633651036)]

prediction_q05_std -> [np.float64(0.0), np.float64(0.00188786854446), np.float64(0.0046155320564784), np.float64(0.0150761264378594), np.float64(0.0047837137061708), np.float64(0.0035333854207719), np.float64(0.0106721095802775)]

clip_low_ratio_std -> [np.float64(0.0), np.float64(0.0057413380812283), np.float64(0.0057520796024643), np.float64(0.0006334307917217), np.float64(0.0015074955433046), np.float64(0.0078950999280023), np.float64(0.0026725039593137), np.float64(0.0025806816831625), np.float64(0.0054132835672231), np.float64(0.0032643328138683), np.float64(0.0145058608264604), np.float64(0.0171635659943758), np.float64(0.0076757800599456), np.float64(0.0026000790436044), np.float64(0.0250067594972169), np.float64(0.0083973205067856), np.float64(0.0065990669578935), np.float64(0.001344032171139)]

========================================================================================================================
POTENTIAL GROUP COUNTS
========================================================================================================================

method × noise_level
method          noise_level
calibrated_svr  0.00           6
                0.05           6
                0.10           6
                0.20           6
standard_svr    0.00           6
                0.05           6
                0.10           6
                0.20           6

method × noise_percent
method          noise_percent
calibrated_svr  0                6
                5                6
                10               6
                20               6
standard_svr    0                6
                5                6
                10               6
                20               6

method × severity
method          severity
calibrated_svr  all         4
                damaged     4
                high        4
                low         4
                medium      4
                zero        4
standard_svr    all         4
                damaged     4
                high        4
                low         4
                medium      4
                zero        4

method × n_replicates
method          n_replicates
calibrated_svr  1                6
                5               18
standard_svr    1                6
                5               18

method × prediction_q05_mean
method          prediction_q05_mean
calibrated_svr  0.000000               16
                0.003829                1
                0.020508                1
                0.023743                1
                0.043512                1
                0.059427                1
                0.072918                1
                0.145422                1
                0.176394                1
standard_svr    0.000000               16
                0.003829                1
                0.020508                1
                0.023743                1
                0.043512                1
                0.059427                1
                0.070852                1
                0.130156                1
                0.160578                1

method × prediction_q05_std
method          prediction_q05_std
calibrated_svr  0.000000              20
                0.001888               1
                0.004616               1
                0.004784               1
                0.015076               1
standard_svr    0.000000              20
                0.001888               1
                0.003533               1
                0.004784               1
                0.010672               1

noise_level × noise_percent
noise_level  noise_percent
0.00         0                12
0.05         5                12
0.10         10               12
0.20         20               12

noise_level × severity
noise_level  severity
0.00         all         2
             damaged     2
             high        2
             low         2
             medium      2
             zero        2
0.05         all         2
             damaged     2
             high        2
             low         2
             medium      2
             zero        2
0.10         all         2
             damaged     2
             high        2
             low         2
             medium      2
             zero        2
0.20         all         2
             damaged     2
             high        2
             low         2
             medium      2
             zero        2

noise_level × n_replicates
noise_level  n_replicates
0.00         1               12
0.05         5               12
0.10         5               12
0.20         5               12

noise_level × prediction_q05_mean
noise_level  prediction_q05_mean
0.00         0.000000                4
             0.003829                2
             0.043512                2
             0.059427                2
             0.160578                1
             0.176394                1
0.05         0.000000                6
             0.020508                2
             0.023743                2
             0.130156                1
             0.145422                1
0.10         0.000000               10
             0.070852                1
             0.072918                1
0.20         0.000000               12

noise_level × prediction_q05_std
noise_level  prediction_q05_std
0.00         0.000000              12
0.05         0.000000               6
             0.001888               2
             0.003533               1
             0.004616               1
             0.004784               2
0.10         0.000000              10
             0.010672               1
             0.015076               1
0.20         0.000000              12

noise_percent × severity
noise_percent  severity
0              all         2
               damaged     2
               high        2
               low         2
               medium      2
               zero        2
5              all         2
               damaged     2
               high        2
               low         2
               medium      2
               zero        2
10             all         2
               damaged     2
               high        2
               low         2
               medium      2
               zero        2
20             all         2
               damaged     2
               high        2
               low         2
               medium      2
               zero        2

noise_percent × n_replicates
noise_percent  n_replicates
0              1               12
5              5               12
10             5               12
20             5               12

noise_percent × prediction_q05_mean
noise_percent  prediction_q05_mean
0              0.000000                4
               0.003829                2
               0.043512                2
               0.059427                2
               0.160578                1
               0.176394                1
5              0.000000                6
               0.020508                2
               0.023743                2
               0.130156                1
               0.145422                1
10             0.000000               10
               0.070852                1
               0.072918                1
20             0.000000               12

noise_percent × prediction_q05_std
noise_percent  prediction_q05_std
0              0.000000              12
5              0.000000               6
               0.001888               2
               0.003533               1
               0.004616               1
               0.004784               2
10             0.000000              10
               0.010672               1
               0.015076               1
20             0.000000              12

severity × n_replicates
severity  n_replicates
all       1               2
          5               6
damaged   1               2
          5               6
high      1               2
          5               6
low       1               2
          5               6
medium    1               2
          5               6
zero      1               2
          5               6

severity × prediction_q05_mean
severity  prediction_q05_mean
all       0.000000               8
damaged   0.000000               4
          0.020508               2
          0.043512               2
high      0.000000               2
          0.070852               1
          0.072918               1
          0.130156               1
          0.145422               1
          0.160578               1
          0.176394               1
low       0.000000               6
          0.003829               2
medium    0.000000               4
          0.023743               2
          0.059427               2
zero      0.000000               8

severity × prediction_q05_std
severity  prediction_q05_std
all       0.000000              8
damaged   0.000000              6
          0.001888              2
high      0.000000              4
          0.003533              1
          0.004616              1
          0.010672              1
          0.015076              1
low       0.000000              8
medium    0.000000              6
          0.004784              2
zero      0.000000              8

n_replicates × prediction_q05_mean
n_replicates  prediction_q05_mean
1             0.000000                4
              0.003829                2
              0.043512                2
              0.059427                2
              0.160578                1
              0.176394                1
5             0.000000               28
              0.020508                2
              0.023743                2
              0.070852                1
              0.072918                1
              0.130156                1
              0.145422                1

n_replicates × prediction_q05_std
n_replicates  prediction_q05_std
1             0.000000              12
5             0.000000              28
              0.001888               2
              0.003533               1
              0.004616               1
              0.004784               2
              0.010672               1
              0.015076               1

prediction_q05_mean × prediction_q05_std
prediction_q05_mean  prediction_q05_std
0.000000             0.000000              32
0.003829             0.000000               2
0.020508             0.001888               2
0.023743             0.004784               2
0.043512             0.000000               2
0.059427             0.000000               2
0.070852             0.010672               1
0.072918             0.015076               1
0.130156             0.003533               1
0.145422             0.004616               1
0.160578             0.000000               1
0.176394             0.000000               1
