========================================================================================================================
F07_sensor_count_effects.csv
========================================================================================================================
Shape: (3, 12)

Columns:
[00] from_sensor_count
[01] to_sensor_count
[02] mae_improvement_point
[03] mae_improvement_percent_point
[04] mae_ci_lower
[05] mae_ci_upper
[06] mae_bootstrap_positive_fraction
[07] high_mae_improvement_point
[08] high_mae_improvement_percent_point
[09] high_mae_ci_lower
[10] high_mae_ci_upper
[11] high_mae_bootstrap_positive_fraction

LOW-CARDINALITY COLUMNS:

from_sensor_count (n_unique=3):
[1 2 3]

to_sensor_count (n_unique=3):
[2 3 4]

mae_improvement_point (n_unique=3):
[0.01518777 0.01814536 0.01799414]

mae_improvement_percent_point (n_unique=3):
[20.69899924 31.18475294 44.93897918]

mae_ci_lower (n_unique=3):
[0.01370899 0.0168152  0.01653465]

mae_ci_upper (n_unique=3):
[0.01673575 0.01946422 0.0194298 ]

mae_bootstrap_positive_fraction (n_unique=1):
[1.]

high_mae_improvement_point (n_unique=3):
[0.07317576 0.06143957 0.04730977]

high_mae_improvement_percent_point (n_unique=3):
[33.45864848 42.21800821 56.26105984]

high_mae_ci_lower (n_unique=3):
[0.06891841 0.05801212 0.04308687]

high_mae_ci_upper (n_unique=3):
[0.07771174 0.06487566 0.05158131]

high_mae_bootstrap_positive_fraction (n_unique=1):
[1.]

FULL DATA:
 from_sensor_count  to_sensor_count  mae_improvement_point  mae_improvement_percent_point  mae_ci_lower  mae_ci_upper  mae_bootstrap_positive_fraction  high_mae_improvement_point  high_mae_improvement_percent_point  high_mae_ci_lower  high_mae_ci_upper  high_mae_bootstrap_positive_fraction
                 1                2               0.015188                      20.698999      0.013709      0.016736                              1.0                    0.073176                           33.458648           0.068918           0.077712                                   1.0
                 2                3               0.018145                      31.184753      0.016815      0.019464                              1.0                    0.061440                           42.218008           0.058012           0.064876                                   1.0
                 3                4               0.017994                      44.938979      0.016535      0.019430                              1.0                    0.047310                           56.261060           0.043087           0.051581                                   1.0

NUMERIC SUMMARY:
                                      count       mean        std        min        25%        50%        75%        max
from_sensor_count                       3.0   2.000000   1.000000   1.000000   1.500000   2.000000   2.500000   3.000000
to_sensor_count                         3.0   3.000000   1.000000   2.000000   2.500000   3.000000   3.500000   4.000000
mae_improvement_point                   3.0   0.017109   0.001666   0.015188   0.016591   0.017994   0.018070   0.018145
mae_improvement_percent_point           3.0  32.274244  12.156661  20.698999  25.941876  31.184753  38.061866  44.938979
mae_ci_lower                            3.0   0.015686   0.001718   0.013709   0.015122   0.016535   0.016675   0.016815
mae_ci_upper                            3.0   0.018543   0.001565   0.016736   0.018083   0.019430   0.019447   0.019464
mae_bootstrap_positive_fraction         3.0   1.000000   0.000000   1.000000   1.000000   1.000000   1.000000   1.000000
high_mae_improvement_point              3.0   0.060642   0.012951   0.047310   0.054375   0.061440   0.067308   0.073176
high_mae_improvement_percent_point      3.0  43.979239  11.502780  33.458648  37.838328  42.218008  49.239534  56.261060
high_mae_ci_lower                       3.0   0.056672   0.012968   0.043087   0.050549   0.058012   0.063465   0.068918
high_mae_ci_upper                       3.0   0.064723   0.013066   0.051581   0.058228   0.064876   0.071294   0.077712
high_mae_bootstrap_positive_fraction    3.0   1.000000   0.000000   1.000000   1.000000   1.000000   1.000000   1.000000

========================================================================================================================
F07_marginal_sensor_edges.csv
========================================================================================================================
Shape: (28, 19)

Columns:
[00] base_layout
[01] base_sensor_count
[02] added_sensor
[03] augmented_layout
[04] base_feature_count
[05] augmented_feature_count
[06] feature_gain
[07] mae_improvement_point
[08] mae_relative_improvement_percent_point
[09] mae_ci_lower
[10] mae_ci_upper
[11] mae_ci_entirely_positive
[12] mae_bootstrap_positive_fraction
[13] high_mae_improvement_point
[14] high_mae_relative_improvement_percent_point
[15] high_mae_ci_lower
[16] high_mae_ci_upper
[17] high_mae_ci_entirely_positive
[18] high_mae_bootstrap_positive_fraction

LOW-CARDINALITY COLUMNS:

base_layout (n_unique=14):
<StringArray>
[  '1',   '2',   '3',   '4',  '12',  '13',  '14',  '23',  '24',  '34', '123',
 '124', '134', '234']
Length: 14, dtype: str

base_sensor_count (n_unique=3):
[1 2 3]

added_sensor (n_unique=4):
[2 3 4 1]

augmented_layout (n_unique=11):
<StringArray>
['12', '13', '14', '23', '24', '34', '123', '124', '134', '234', '1234']
Length: 11, dtype: str

base_feature_count (n_unique=9):
[19 17 36 31 34 29 53 48 51]

augmented_feature_count (n_unique=8):
[36 31 34 29 53 48 51 78]

feature_gain (n_unique=8):
[17 12 19 14 22 25 30 27]

mae_improvement_point (n_unique=28):
[0.01668742 0.01370761 0.01145231 0.01903565 0.01778303 0.00981729
 0.01546553 0.01719273 0.01549556 0.01577134 0.0117881  0.01805666
 0.02001894 0.01123363 0.02299875 0.01651141 0.01646874 0.01876671
 0.02127156 0.01462611 0.02045198 0.02259185 0.01648138 0.01632328
 0.01251462 0.02129993 0.01900196 0.01916007]

mae_relative_improvement_percent_point (n_unique=28):
[23.41499142 19.23385573 16.06933641 25.85791059 24.15635675 13.3357535
 21.17810362 23.54328044 21.21922676 20.86510729 15.59536988 23.88853678
 36.67768415 20.58169002 39.9557804  28.68531206 27.53242151 31.374159
 38.09832173 26.19603055 32.05687838 35.41094332 28.64808617 28.3732672
 36.20944447 49.13810548 46.29081    46.49688257]

mae_ci_lower (n_unique=28):
[0.01444616 0.01128244 0.00924843 0.01667892 0.01550728 0.00768706
 0.01283465 0.01510008 0.01290287 0.01317797 0.0098396  0.01533626
 0.01766673 0.00886625 0.02053951 0.01408067 0.01399787 0.0162479
 0.01879994 0.01239418 0.01773789 0.01984274 0.01400867 0.01369176
 0.01045107 0.01889749 0.01643905 0.01703094]

mae_ci_upper (n_unique=28):
[0.0189328  0.01626437 0.01372552 0.02144415 0.02015226 0.01204113
 0.01821544 0.01936702 0.01805809 0.01847872 0.01381458 0.02079364
 0.02258391 0.01365907 0.02547684 0.01883871 0.01889965 0.02137495
 0.0238335  0.0168787  0.02319946 0.02533711 0.01907742 0.0189747
 0.01453605 0.02365182 0.02159769 0.02142959]

mae_ci_entirely_positive (n_unique=1):
[ True]

mae_bootstrap_positive_fraction (n_unique=1):
[1.]

high_mae_improvement_point (n_unique=28):
[0.06823712 0.06914117 0.05963794 0.07793707 0.07094581 0.05549209
 0.08320331 0.07530799 0.0811574  0.08114588 0.06730008 0.0886032
 0.06017391 0.05402047 0.05926985 0.05196512 0.06261965 0.06146835
 0.06716517 0.06017052 0.07646546 0.07562423 0.05401103 0.0543211
 0.04219657 0.04835    0.0495013  0.04919122]

high_mae_relative_improvement_percent_point (n_unique=28):
[32.9031896  33.33911411 28.75676144 35.90122591 32.68074203 25.56208569
 37.572105   34.00681598 36.64823433 35.45106356 29.40209954 38.70902206
 43.24378147 38.82163692 42.87262789 37.58877411 42.3822792  41.60305326
 45.95894045 41.17272424 47.31907644 46.79850196 38.49892871 38.71995211
 53.42925312 56.79551799 57.37202165 57.21827208]

high_mae_ci_lower (n_unique=28):
[0.06055818 0.06112876 0.05255521 0.06851951 0.06371716 0.04936675
 0.07470118 0.06689257 0.07203433 0.07234244 0.06028355 0.07819379
 0.05272433 0.04703413 0.05077476 0.0436819  0.05510157 0.05265547
 0.05848082 0.05236287 0.06741036 0.06720327 0.04520469 0.04451413
 0.03414683 0.04073332 0.04191676 0.04170876]

high_mae_ci_upper (n_unique=28):
[0.0761818  0.07757803 0.06702395 0.08773162 0.07875068 0.06171982
 0.09239812 0.08416377 0.09026529 0.08990553 0.07440535 0.09879675
 0.06818251 0.06108488 0.06813652 0.0604222  0.07041757 0.07056389
 0.07605581 0.0680826  0.08543443 0.08400854 0.06323689 0.06399362
 0.050369   0.05601291 0.05711176 0.05703015]

high_mae_ci_entirely_positive (n_unique=1):
[ True]

high_mae_bootstrap_positive_fraction (n_unique=1):
[1.]

FULL DATA:
base_layout  base_sensor_count  added_sensor augmented_layout  base_feature_count  augmented_feature_count  feature_gain  mae_improvement_point  mae_relative_improvement_percent_point  mae_ci_lower  mae_ci_upper  mae_ci_entirely_positive  mae_bootstrap_positive_fraction  high_mae_improvement_point  high_mae_relative_improvement_percent_point  high_mae_ci_lower  high_mae_ci_upper  high_mae_ci_entirely_positive  high_mae_bootstrap_positive_fraction
          1                  1             2               12                  19                       36            17               0.016687                               23.414991      0.014446      0.018933                      True                              1.0                    0.068237                                    32.903190           0.060558           0.076182                           True                                   1.0
          1                  1             3               13                  19                       31            12               0.013708                               19.233856      0.011282      0.016264                      True                              1.0                    0.069141                                    33.339114           0.061129           0.077578                           True                                   1.0
          1                  1             4               14                  19                       31            12               0.011452                               16.069336      0.009248      0.013726                      True                              1.0                    0.059638                                    28.756761           0.052555           0.067024                           True                                   1.0
          2                  1             1               12                  17                       36            19               0.019036                               25.857911      0.016679      0.021444                      True                              1.0                    0.077937                                    35.901226           0.068520           0.087732                           True                                   1.0
          2                  1             3               23                  17                       34            17               0.017783                               24.156357      0.015507      0.020152                      True                              1.0                    0.070946                                    32.680742           0.063717           0.078751                           True                                   1.0
          2                  1             4               24                  17                       29            12               0.009817                               13.335753      0.007687      0.012041                      True                              1.0                    0.055492                                    25.562086           0.049367           0.061720                           True                                   1.0
          3                  1             1               13                  17                       31            14               0.015466                               21.178104      0.012835      0.018215                      True                              1.0                    0.083203                                    37.572105           0.074701           0.092398                           True                                   1.0
          3                  1             2               23                  17                       34            17               0.017193                               23.543280      0.015100      0.019367                      True                              1.0                    0.075308                                    34.006816           0.066893           0.084164                           True                                   1.0
          3                  1             4               34                  17                       34            17               0.015496                               21.219227      0.012903      0.018058                      True                              1.0                    0.081157                                    36.648234           0.072034           0.090265                           True                                   1.0
          4                  1             1               14                  17                       31            14               0.015771                               20.865107      0.013178      0.018479                      True                              1.0                    0.081146                                    35.451064           0.072342           0.089906                           True                                   1.0
          4                  1             2               24                  17                       29            12               0.011788                               15.595370      0.009840      0.013815                      True                              1.0                    0.067300                                    29.402100           0.060284           0.074405                           True                                   1.0
          4                  1             3               34                  17                       34            17               0.018057                               23.888537      0.015336      0.020794                      True                              1.0                    0.088603                                    38.709022           0.078194           0.098797                           True                                   1.0
         12                  2             3              123                  36                       53            17               0.020019                               36.677684      0.017667      0.022584                      True                              1.0                    0.060174                                    43.243781           0.052724           0.068183                           True                                   1.0
         12                  2             4              124                  36                       48            12               0.011234                               20.581690      0.008866      0.013659                      True                              1.0                    0.054020                                    38.821637           0.047034           0.061085                           True                                   1.0
         13                  2             2              123                  31                       53            22               0.022999                               39.955780      0.020540      0.025477                      True                              1.0                    0.059270                                    42.872628           0.050775           0.068137                           True                                   1.0
         13                  2             4              134                  31                       48            17               0.016511                               28.685312      0.014081      0.018839                      True                              1.0                    0.051965                                    37.588774           0.043682           0.060422                           True                                   1.0
         14                  2             2              124                  31                       48            17               0.016469                               27.532422      0.013998      0.018900                      True                              1.0                    0.062620                                    42.382279           0.055102           0.070418                           True                                   1.0
         14                  2             3              134                  31                       48            17               0.018767                               31.374159      0.016248      0.021375                      True                              1.0                    0.061468                                    41.603053           0.052655           0.070564                           True                                   1.0
         23                  2             1              123                  34                       53            19               0.021272                               38.098322      0.018800      0.023834                      True                              1.0                    0.067165                                    45.958940           0.058481           0.076056                           True                                   1.0
         23                  2             4              234                  34                       51            17               0.014626                               26.196031      0.012394      0.016879                      True                              1.0                    0.060171                                    41.172724           0.052363           0.068083                           True                                   1.0
         24                  2             1              124                  29                       48            19               0.020452                               32.056878      0.017738      0.023199                      True                              1.0                    0.076465                                    47.319076           0.067410           0.085434                           True                                   1.0
         24                  2             3              234                  29                       51            22               0.022592                               35.410943      0.019843      0.025337                      True                              1.0                    0.075624                                    46.798502           0.067203           0.084009                           True                                   1.0
         34                  2             1              134                  34                       48            14               0.016481                               28.648086      0.014009      0.019077                      True                              1.0                    0.054011                                    38.498929           0.045205           0.063237                           True                                   1.0
         34                  2             2              234                  34                       51            17               0.016323                               28.373267      0.013692      0.018975                      True                              1.0                    0.054321                                    38.719952           0.044514           0.063994                           True                                   1.0
        123                  3             4             1234                  53                       78            25               0.012515                               36.209444      0.010451      0.014536                      True                              1.0                    0.042197                                    53.429253           0.034147           0.050369                           True                                   1.0
        124                  3             3             1234                  48                       78            30               0.021300                               49.138105      0.018897      0.023652                      True                              1.0                    0.048350                                    56.795518           0.040733           0.056013                           True                                   1.0
        134                  3             2             1234                  48                       78            30               0.019002                               46.290810      0.016439      0.021598                      True                              1.0                    0.049501                                    57.372022           0.041917           0.057112                           True                                   1.0
        234                  3             1             1234                  51                       78            27               0.019160                               46.496883      0.017031      0.021430                      True                              1.0                    0.049191                                    57.218272           0.041709           0.057030                           True                                   1.0

NUMERIC SUMMARY:
                                             count       mean        std        min        25%        50%        75%        max
base_sensor_count                             28.0   1.714286   0.712697   1.000000   1.000000   2.000000   2.000000   3.000000
added_sensor                                  28.0   2.500000   1.138550   1.000000   1.750000   2.500000   3.250000   4.000000
base_feature_count                            28.0  28.571429  11.525908  17.000000  17.000000  30.000000  34.000000  53.000000
augmented_feature_count                       28.0  46.500000  15.621685  29.000000  34.000000  48.000000  51.500000  78.000000
feature_gain                                  28.0  17.928571   5.062049  12.000000  14.000000  17.000000  19.000000  30.000000
mae_improvement_point                         28.0   0.016856   0.003491   0.009817   0.015256   0.016599   0.019067   0.022999
mae_relative_improvement_percent_point        28.0  28.574416   9.531347  13.335753  21.208946  26.864226  35.610569  49.138105
mae_ci_lower                                  28.0   0.014455   0.003390   0.007687   0.012725   0.014263   0.016767   0.020540
mae_ci_upper                                  28.0   0.019308   0.003597   0.012041   0.017763   0.019026   0.021483   0.025477
mae_bootstrap_positive_fraction               28.0   1.000000   0.000000   1.000000   1.000000   1.000000   1.000000   1.000000
high_mae_improvement_point                    28.0   0.064451   0.012205   0.042197   0.054246   0.062044   0.075387   0.088603
high_mae_relative_improvement_percent_point   28.0  40.383136   8.430667  25.562086  35.090002  38.714487  43.922571  57.372022
high_mae_ci_lower                             28.0   0.056284   0.011768   0.034147   0.046577   0.053913   0.066970   0.078194
high_mae_ci_upper                             28.0   0.072824   0.012692   0.050369   0.062858   0.070491   0.084047   0.098797
high_mae_bootstrap_positive_fraction          28.0   1.000000   0.000000   1.000000   1.000000   1.000000   1.000000   1.000000

========================================================================================================================
F07_best_layout_stability.csv
========================================================================================================================
Shape: (14, 5)

Columns:
[00] sensor_count
[01] layout_tag
[02] feature_count
[03] mae_best_fraction
[04] high_mae_best_fraction

LOW-CARDINALITY COLUMNS:

sensor_count (n_unique=3):
[1 2 3]

layout_tag (n_unique=14):
<StringArray>
[  '1',   '3',   '2',   '4',  '12',  '23',  '34',  '13',  '14',  '24', '123',
 '124', '134', '234']
Length: 14, dtype: str

feature_count (n_unique=9):
[19 17 36 34 31 29 53 48 51]

mae_best_fraction (n_unique=9):
[0.9634 0.0318 0.0048 0.     0.7518 0.2174 0.0236 0.0072 1.    ]

high_mae_best_fraction (n_unique=11):
[0.9972 0.     0.0028 0.31   0.0318 0.2908 0.3674 0.7948 0.0272 0.0814
 0.0966]

FULL DATA:
 sensor_count layout_tag  feature_count  mae_best_fraction  high_mae_best_fraction
            1          1             19             0.9634                  0.9972
            1          3             17             0.0318                  0.0000
            1          2             17             0.0048                  0.0028
            1          4             17             0.0000                  0.0000
            2         12             36             0.7518                  0.3100
            2         23             34             0.2174                  0.0318
            2         34             34             0.0236                  0.2908
            2         13             31             0.0072                  0.3674
            2         14             31             0.0000                  0.0000
            2         24             29             0.0000                  0.0000
            3        123             53             1.0000                  0.7948
            3        124             48             0.0000                  0.0272
            3        134             48             0.0000                  0.0814
            3        234             51             0.0000                  0.0966

NUMERIC SUMMARY:
                        count       mean        std   min      25%      50%      75%      max
sensor_count             14.0   2.000000   0.784465   1.0   1.2500   2.0000   2.7500   3.0000
feature_count            14.0  33.214286  12.926887  17.0  21.5000  32.5000  45.0000  53.0000
mae_best_fraction        14.0   0.214286   0.382240   0.0   0.0000   0.0060   0.1710   1.0000
high_mae_best_fraction   14.0   0.214286   0.318243   0.0   0.0007   0.0566   0.3052   0.9972

========================================================================================================================
F07 COMPLETE SUBSET-LATTICE EDGE AUDIT
========================================================================================================================
Number of edges: 28

Candidate edge columns:
base_layout
base_sensor_count
added_sensor
augmented_layout
mae_improvement_point
mae_relative_improvement_percent_point
mae_ci_lower
mae_ci_upper
mae_ci_entirely_positive
mae_bootstrap_positive_fraction
high_mae_improvement_point
high_mae_relative_improvement_percent_point
high_mae_ci_lower
high_mae_ci_upper
high_mae_ci_entirely_positive
high_mae_bootstrap_positive_fraction

EDGE DATA:
base_layout  base_sensor_count  added_sensor augmented_layout  mae_improvement_point  mae_relative_improvement_percent_point  mae_ci_lower  mae_ci_upper  mae_ci_entirely_positive  mae_bootstrap_positive_fraction  high_mae_improvement_point  high_mae_relative_improvement_percent_point  high_mae_ci_lower  high_mae_ci_upper  high_mae_ci_entirely_positive  high_mae_bootstrap_positive_fraction
          1                  1             2               12               0.016687                               23.414991      0.014446      0.018933                      True                              1.0                    0.068237                                    32.903190           0.060558           0.076182                           True                                   1.0
          1                  1             3               13               0.013708                               19.233856      0.011282      0.016264                      True                              1.0                    0.069141                                    33.339114           0.061129           0.077578                           True                                   1.0
          1                  1             4               14               0.011452                               16.069336      0.009248      0.013726                      True                              1.0                    0.059638                                    28.756761           0.052555           0.067024                           True                                   1.0
          2                  1             1               12               0.019036                               25.857911      0.016679      0.021444                      True                              1.0                    0.077937                                    35.901226           0.068520           0.087732                           True                                   1.0
          2                  1             3               23               0.017783                               24.156357      0.015507      0.020152                      True                              1.0                    0.070946                                    32.680742           0.063717           0.078751                           True                                   1.0
          2                  1             4               24               0.009817                               13.335753      0.007687      0.012041                      True                              1.0                    0.055492                                    25.562086           0.049367           0.061720                           True                                   1.0
          3                  1             1               13               0.015466                               21.178104      0.012835      0.018215                      True                              1.0                    0.083203                                    37.572105           0.074701           0.092398                           True                                   1.0
          3                  1             2               23               0.017193                               23.543280      0.015100      0.019367                      True                              1.0                    0.075308                                    34.006816           0.066893           0.084164                           True                                   1.0
          3                  1             4               34               0.015496                               21.219227      0.012903      0.018058                      True                              1.0                    0.081157                                    36.648234           0.072034           0.090265                           True                                   1.0
          4                  1             1               14               0.015771                               20.865107      0.013178      0.018479                      True                              1.0                    0.081146                                    35.451064           0.072342           0.089906                           True                                   1.0
          4                  1             2               24               0.011788                               15.595370      0.009840      0.013815                      True                              1.0                    0.067300                                    29.402100           0.060284           0.074405                           True                                   1.0
          4                  1             3               34               0.018057                               23.888537      0.015336      0.020794                      True                              1.0                    0.088603                                    38.709022           0.078194           0.098797                           True                                   1.0
         12                  2             3              123               0.020019                               36.677684      0.017667      0.022584                      True                              1.0                    0.060174                                    43.243781           0.052724           0.068183                           True                                   1.0
         12                  2             4              124               0.011234                               20.581690      0.008866      0.013659                      True                              1.0                    0.054020                                    38.821637           0.047034           0.061085                           True                                   1.0
         13                  2             2              123               0.022999                               39.955780      0.020540      0.025477                      True                              1.0                    0.059270                                    42.872628           0.050775           0.068137                           True                                   1.0
         13                  2             4              134               0.016511                               28.685312      0.014081      0.018839                      True                              1.0                    0.051965                                    37.588774           0.043682           0.060422                           True                                   1.0
         14                  2             2              124               0.016469                               27.532422      0.013998      0.018900                      True                              1.0                    0.062620                                    42.382279           0.055102           0.070418                           True                                   1.0
         14                  2             3              134               0.018767                               31.374159      0.016248      0.021375                      True                              1.0                    0.061468                                    41.603053           0.052655           0.070564                           True                                   1.0
         23                  2             1              123               0.021272                               38.098322      0.018800      0.023834                      True                              1.0                    0.067165                                    45.958940           0.058481           0.076056                           True                                   1.0
         23                  2             4              234               0.014626                               26.196031      0.012394      0.016879                      True                              1.0                    0.060171                                    41.172724           0.052363           0.068083                           True                                   1.0
         24                  2             1              124               0.020452                               32.056878      0.017738      0.023199                      True                              1.0                    0.076465                                    47.319076           0.067410           0.085434                           True                                   1.0
         24                  2             3              234               0.022592                               35.410943      0.019843      0.025337                      True                              1.0                    0.075624                                    46.798502           0.067203           0.084009                           True                                   1.0
         34                  2             1              134               0.016481                               28.648086      0.014009      0.019077                      True                              1.0                    0.054011                                    38.498929           0.045205           0.063237                           True                                   1.0
         34                  2             2              234               0.016323                               28.373267      0.013692      0.018975                      True                              1.0                    0.054321                                    38.719952           0.044514           0.063994                           True                                   1.0
        123                  3             4             1234               0.012515                               36.209444      0.010451      0.014536                      True                              1.0                    0.042197                                    53.429253           0.034147           0.050369                           True                                   1.0
        124                  3             3             1234               0.021300                               49.138105      0.018897      0.023652                      True                              1.0                    0.048350                                    56.795518           0.040733           0.056013                           True                                   1.0
        134                  3             2             1234               0.019002                               46.290810      0.016439      0.021598                      True                              1.0                    0.049501                                    57.372022           0.041917           0.057112                           True                                   1.0
        234                  3             1             1234               0.019160                               46.496883      0.017031      0.021430                      True                              1.0                    0.049191                                    57.218272           0.041709           0.057030                           True                                   1.0

========================================================================================================================
BOOLEAN / BENEFICIAL CHECKS
========================================================================================================================

mae_ci_entirely_positive
mae_ci_entirely_positive
True    28

mae_bootstrap_positive_fraction
mae_bootstrap_positive_fraction
1.0    28

high_mae_ci_entirely_positive
high_mae_ci_entirely_positive
True    28

high_mae_bootstrap_positive_fraction
high_mae_bootstrap_positive_fraction
1.0    28
========================================================================================================================
F07 LATTICE TOPOLOGY CHECK
========================================================================================================================
   1 -> 12   | added=[2] | valid=True
   1 -> 13   | added=[3] | valid=True
   1 -> 14   | added=[4] | valid=True
   2 -> 12   | added=[1] | valid=True
   2 -> 23   | added=[3] | valid=True
   2 -> 24   | added=[4] | valid=True
   3 -> 13   | added=[1] | valid=True
   3 -> 23   | added=[2] | valid=True
   3 -> 34   | added=[4] | valid=True
   4 -> 14   | added=[1] | valid=True
   4 -> 24   | added=[2] | valid=True
   4 -> 34   | added=[3] | valid=True
  12 -> 123  | added=[3] | valid=True
  12 -> 124  | added=[4] | valid=True
  13 -> 123  | added=[2] | valid=True
  13 -> 134  | added=[4] | valid=True
  14 -> 124  | added=[2] | valid=True
  14 -> 134  | added=[3] | valid=True
  23 -> 123  | added=[1] | valid=True
  23 -> 234  | added=[4] | valid=True
  24 -> 124  | added=[1] | valid=True
  24 -> 234  | added=[3] | valid=True
  34 -> 134  | added=[1] | valid=True
  34 -> 234  | added=[2] | valid=True
 123 -> 1234 | added=[4] | valid=True
 124 -> 1234 | added=[3] | valid=True
 134 -> 1234 | added=[2] | valid=True
 234 -> 1234 | added=[1] | valid=True

Edges: 28
All one-sensor additions: True
Unique nodes: 15
Complete 15-node lattice: True
Missing nodes: []
Unexpected nodes: []
