==============================================================================================================
3000-CASE FROZEN DATASET METADATA AUDIT
==============================================================================================================
path: data_inputs/aes_frozen/debug_plus_3000_dataset_index.csv
shape: (3000, 10)

COLUMNS:
[00] case_id
[01] case_file
[02] damage
[03] n_damaged_stories
[04] amplitude_g
[05] frequency_hz
[06] phase
[07] noise_level
[08] max_abs_accel
[09] modal_periods

================================================================================
amplitude_g
================================================================================
n: 3000
min: 0.0501715942316185
max: 0.2499729897813808
mean: 0.15093460667829248

value counts:
amplitude_g
0.050172    1
0.050226    1
0.050227    1
0.050242    1
0.050329    1
0.050397    1
0.050470    1
0.050477    1
0.050491    1
0.050551    1
0.050637    1
0.050676    1
0.050857    1
0.050874    1
0.050937    1
0.050964    1
0.051002    1
0.051041    1
0.051138    1
0.051157    1
0.051214    1
0.051411    1
0.051423    1
0.051424    1
0.051540    1
0.051592    1
0.051808    1
0.051825    1
0.051859    1
0.051982    1
0.052051    1
0.052113    1
0.052142    1
0.052198    1
0.052199    1
0.052209    1
0.052210    1
0.052330    1
0.052341    1
0.052442    1
0.052475    1
0.052504    1
0.052523    1
0.052706    1
0.052723    1
0.052741    1
0.052763    1
0.052790    1
0.052826    1
0.052844    1
0.052846    1
0.052858    1
0.052926    1
0.052956    1
0.052996    1
0.053105    1
0.053166    1
0.053247    1
0.053260    1
0.053279    1
0.053281    1
0.053288    1
0.053289    1
0.053340    1
0.053357    1
0.053427    1
0.053441    1
0.053483    1
0.053578    1
0.053610    1
0.053614    1
0.053726    1
0.053763    1
0.053774    1
0.053871    1
0.053912    1
0.053921    1
0.054059    1
0.054126    1
0.054167    1
0.054200    1
0.054228    1
0.054233    1
0.054282    1
0.054350    1
0.054372    1
0.054399    1
0.054458    1
0.054459    1
0.054465    1
0.054511    1
0.054569    1
0.054573    1
0.054681    1
0.054824    1
0.055008    1
0.055159    1
0.055235    1
0.055314    1
0.055487    1
0.055509    1
0.055512    1
0.055652    1
0.055662    1
0.055740    1
0.055807    1
0.055822    1
0.055898    1
0.056013    1
0.056144    1
0.056173    1
0.056193    1
0.056306    1
0.056329    1
0.056411    1
0.056545    1
0.056549    1
0.056557    1
0.056603    1
0.056619    1
0.056638    1
0.056677    1
0.056689    1
0.056746    1
0.056852    1
0.056899    1
0.056938    1
0.057013    1
0.057031    1
0.057067    1
0.057102    1
0.057167    1
0.057224    1
0.057228    1
0.057445    1
0.057602    1
0.057608    1
0.057753    1
0.057865    1
0.057902    1
0.057951    1
0.058066    1
0.058099    1
0.058118    1
0.058129    1
0.058338    1
0.058355    1
0.058579    1
0.058766    1
0.058794    1
0.058797    1
0.059027    1
0.059119    1
0.059126    1
0.059204    1
0.059319    1
0.059557    1
0.059775    1
0.059803    1
0.059839    1
0.059853    1
0.059888    1
0.060039    1
0.060042    1
0.060086    1
0.060250    1
0.060395    1
0.060508    1
0.060511    1
0.060534    1
0.060595    1
0.060668    1
0.060939    1
0.060987    1
0.061063    1
0.061169    1
0.061305    1
0.061358    1
0.061388    1
0.061462    1
0.061530    1
0.061536    1
0.061544    1
0.061560    1
0.061563    1
0.061619    1
0.061715    1
0.061847    1
0.061949    1
0.061976    1
0.062018    1
0.062052    1
0.062070    1
0.062125    1
0.062156    1
0.062171    1
0.062182    1
0.062369    1
0.062592    1
0.062600    1
0.062642    1
0.062692    1
0.062828    1
0.062856    1
0.062909    1
0.062915    1
0.063047    1
0.063173    1
0.063290    1
0.063364    1
0.063404    1
0.063474    1
0.063516    1
0.063693    1
0.064028    1
0.064316    1
0.064475    1
0.064545    1
0.064571    1
0.064611    1
0.064676    1
0.064758    1
0.064858    1
0.064875    1
0.064916    1
0.065149    1
0.065201    1
0.065444    1
0.065536    1
0.065584    1
0.065591    1
0.065601    1
0.065603    1
0.065708    1
0.065890    1
0.066025    1
0.066038    1
0.066106    1
0.066111    1
0.066189    1
0.066499    1
0.066544    1
0.066632    1
0.066793    1
0.066806    1
0.066851    1
0.066865    1
0.066876    1
0.066884    1
0.066944    1
0.066965    1
0.066972    1
0.066995    1
0.067063    1
0.067162    1
0.067206    1
0.067221    1
0.067351    1
0.067408    1
0.067637    1
0.067676    1
0.067835    1
0.068209    1
0.068573    1
0.068603    1
0.068721    1
0.068784    1
0.068870    1
0.068888    1
0.068905    1
0.068922    1
0.069005    1
0.069032    1
0.069072    1
0.069153    1
0.069160    1
0.069175    1
0.069214    1
0.069292    1
0.069386    1
0.069487    1
0.069567    1
0.069596    1
0.069712    1
0.069714    1
0.069784    1
0.069809    1
0.069859    1
0.069895    1
0.069917    1
0.070012    1
0.070015    1
0.070019    1
0.070037    1
0.070154    1
0.070200    1
0.070296    1
0.070356    1
0.070503    1
0.070541    1
0.070558    1
0.070559    1
0.070656    1
0.070667    1
0.070686    1
0.070686    1
0.070697    1
0.070809    1
0.070818    1
0.070831    1
0.070881    1
0.070946    1
0.070985    1
0.071071    1
0.071077    1
0.071080    1
0.071149    1
0.071281    1
0.071377    1
0.071378    1
0.071389    1
0.071522    1
0.071545    1
0.071573    1
0.071586    1
0.071767    1
0.071882    1
0.071895    1
0.072053    1
0.072077    1
0.072226    1
0.072382    1
0.072443    1
0.072486    1
0.072575    1
0.072642    1
0.072664    1
0.072808    1
0.072816    1
0.072860    1
0.072903    1
0.072937    1
0.073026    1
0.073029    1
0.073174    1
0.073437    1
0.073486    1
0.073532    1
0.073543    1
0.073609    1
0.073683    1
0.073704    1
0.073728    1
0.073772    1
0.073820    1
0.073901    1
0.074002    1
0.074103    1
0.074143    1
0.074311    1
0.074315    1
0.074372    1
0.074420    1
0.074583    1
0.074588    1
0.074678    1
0.074791    1
0.074884    1
0.075186    1
0.075188    1
0.075280    1
0.075444    1
0.075450    1
0.075554    1
0.075577    1
0.075585    1
0.075633    1
0.075653    1
0.075702    1
0.075840    1
0.075969    1
0.075970    1
0.076035    1
0.076114    1
0.076216    1
0.076366    1
0.076415    1
0.076416    1
0.076463    1
0.076514    1
0.076650    1
0.076652    1
0.076674    1
0.076707    1
0.076708    1
0.076738    1
0.076791    1
0.076823    1
0.076863    1
0.076874    1
0.076923    1
0.076931    1
0.076969    1
0.076976    1
0.076992    1
0.077047    1
0.077178    1
0.077203    1
0.077260    1
0.077338    1
0.077364    1
0.077378    1
0.077529    1
0.077599    1
0.077769    1
0.077839    1
0.077850    1
0.077910    1
0.077975    1
0.078076    1
0.078214    1
0.078353    1
0.078407    1
0.078500    1
0.078567    1
0.078593    1
0.078642    1
0.078775    1
0.078782    1
0.078894    1
0.078936    1
0.079032    1
0.079051    1
0.079078    1
0.079121    1
0.079133    1
0.079176    1
0.079241    1
0.079276    1
0.079351    1
0.079365    1
0.079625    1
0.079664    1
0.079761    1
0.079772    1
0.079895    1
0.079914    1
0.079923    1
0.080246    1
0.080270    1
0.080289    1
0.080310    1
0.080335    1
0.080532    1
0.080575    1
0.080593    1
0.080612    1
0.080625    1
0.080678    1
0.080809    1
0.080861    1
0.080894    1
0.080952    1
0.080954    1
0.081068    1
0.081275    1
0.081300    1
0.081301    1
0.081359    1
0.081463    1
0.081470    1
0.081531    1
0.081589    1
0.081656    1
0.081685    1
0.081764    1
0.081820    1
0.081828    1
0.081837    1
0.081874    1
0.082123    1
0.082159    1
0.082171    1
0.082226    1
0.082329    1
0.082330    1
0.082425    1
0.082698    1
0.082719    1
0.082776    1
0.082912    1
0.082936    1
0.083029    1
0.083033    1
0.083242    1
0.083285    1
0.083289    1
0.083388    1
0.083492    1
0.083535    1
0.083685    1
0.083687    1
0.083758    1
0.083812    1
0.083822    1
0.083892    1
0.083934    1
0.083984    1
0.084028    1
0.084125    1
0.084175    1
0.084293    1
0.084296    1
0.084354    1
0.084374    1
0.084396    1
0.084400    1
0.084435    1
0.084501    1
0.084514    1
0.084758    1
0.084799    1
0.084916    1
0.084933    1
0.084955    1
0.085039    1
0.085127    1
0.085238    1
0.085297    1
0.085335    1
0.085348    1
0.085442    1
0.085448    1
0.085537    1
0.085581    1
0.085909    1
0.086021    1
0.086022    1
0.086032    1
0.086187    1
0.086193    1
0.086281    1
0.086379    1
0.086447    1
0.086548    1
0.086671    1
0.086697    1
0.086752    1
0.086765    1
0.086846    1
0.086894    1
0.086894    1
0.086914    1
0.087006    1
0.087120    1
0.087121    1
0.087153    1
0.087160    1
0.087259    1
0.087264    1
0.087290    1
0.087309    1
0.087493    1
0.087802    1
0.087840    1
0.087867    1
0.087871    1
0.087882    1
0.087919    1
0.088112    1
0.088183    1
0.088184    1
0.088316    1
0.088362    1
0.088522    1
0.088562    1
0.088597    1
0.088674    1
0.088721    1
0.088748    1
0.088777    1
0.088831    1
0.088835    1
0.088857    1
0.088871    1
0.088919    1
0.088926    1
0.088955    1
0.088972    1
0.089043    1
0.089152    1
0.089171    1
0.089270    1
0.089296    1
0.089334    1
0.089334    1
0.089338    1
0.089359    1
0.089376    1
0.089382    1
0.089412    1
0.089416    1
0.089464    1
0.089527    1
0.089546    1
0.089561    1
0.089565    1
0.089602    1
0.089755    1
0.089764    1
0.089780    1
0.089798    1
0.089808    1
0.090038    1
0.090104    1
0.090146    1
0.090210    1
0.090244    1
0.090245    1
0.090247    1
0.090337    1
0.090506    1
0.090517    1
0.090616    1
0.090720    1
0.091050    1
0.091093    1
0.091109    1
0.091134    1
0.091285    1
0.091289    1
0.091389    1
0.091395    1
0.091432    1
0.091468    1
0.091483    1
0.091488    1
0.091559    1
0.091674    1
0.091788    1
0.091986    1
0.092002    1
0.092020    1
0.092241    1
0.092272    1
0.092303    1
0.092309    1
0.092361    1
0.092392    1
0.092545    1
0.092701    1
0.092720    1
0.092751    1
0.092774    1
0.092882    1
0.093039    1
0.093140    1
0.093142    1
0.093188    1
0.093269    1
0.093304    1
0.093361    1
0.093393    1
0.093518    1
0.093538    1
0.093595    1
0.093645    1
0.093761    1
0.093887    1
0.093904    1
0.093951    1
0.093956    1
0.093966    1
0.093974    1
0.093994    1
0.094010    1
0.094104    1
0.094169    1
0.094331    1
0.094380    1
0.094533    1
0.094660    1
0.094787    1
0.094874    1
0.094878    1
0.094914    1
0.094921    1
0.095057    1
0.095071    1
0.095085    1
0.095191    1
0.095296    1
0.095313    1
0.095384    1
0.095437    1
0.095444    1
0.095451    1
0.095468    1
0.095486    1
0.095526    1
0.095555    1
0.095655    1
0.095693    1
0.095903    1
0.095916    1
0.096058    1
0.096124    1
0.096283    1
0.096396    1
0.096494    1
0.096506    1
0.096575    1
0.096698    1
0.096719    1
0.096948    1
0.097071    1
0.097073    1
0.097123    1
0.097435    1
0.097556    1
0.097665    1
0.097754    1
0.097800    1
0.097821    1
0.097846    1
0.098002    1
0.098246    1
0.098311    1
0.098429    1
0.098566    1
0.098622    1
0.098708    1
0.098732    1
0.098734    1
0.098841    1
0.098842    1
0.098913    1
0.098916    1
0.098945    1
0.099081    1
0.099158    1
0.099183    1
0.099184    1
0.099330    1
0.099377    1
0.099448    1
0.099550    1
0.099594    1
0.099877    1
0.099931    1
0.100058    1
0.100114    1
0.100222    1
0.100380    1
0.100400    1
0.100403    1
0.100419    1
0.100539    1
0.100556    1
0.100611    1
0.100675    1
0.100800    1
0.100819    1
0.100885    1
0.100961    1
0.100995    1
0.101134    1
0.101186    1
0.101231    1
0.101283    1
0.101286    1
0.101336    1
0.101453    1
0.101500    1
0.101504    1
0.101528    1
0.101547    1
0.101561    1
0.101615    1
0.101635    1
0.101746    1
0.102100    1
0.102118    1
0.102119    1
0.102181    1
0.102186    1
0.102195    1
0.102265    1
0.102320    1
0.102364    1
0.102533    1
0.102555    1
0.102622    1
0.102673    1
0.102919    1
0.103016    1
0.103046    1
0.103145    1
0.103237    1
0.103320    1
0.103505    1
0.103580    1
0.103658    1
0.103742    1
0.103763    1
0.103922    1
0.103926    1
0.103964    1
0.104039    1
0.104096    1
0.104119    1
0.104443    1
0.104459    1
0.104562    1
0.104607    1
0.104619    1
0.104654    1
0.104761    1
0.104822    1
0.104824    1
0.104834    1
0.104884    1
0.104984    1
0.105195    1
0.105224    1
0.105263    1
0.105421    1
0.105455    1
0.105573    1
0.105640    1
0.105724    1
0.105773    1
0.105776    1
0.105804    1
0.105882    1
0.105929    1
0.105966    1
0.106009    1
0.106111    1
0.106121    1
0.106151    1
0.106280    1
0.106345    1
0.106369    1
0.106423    1
0.106487    1
0.106550    1
0.106610    1
0.106697    1
0.106714    1
0.106764    1
0.106998    1
0.107292    1
0.107308    1
0.107336    1
0.107397    1
0.107645    1
0.107659    1
0.107686    1
0.107710    1
0.107727    1
0.107799    1
0.107852    1
0.107871    1
0.107957    1
0.107970    1
0.107986    1
0.107990    1
0.108197    1
0.108225    1
0.108228    1
0.108232    1
0.108509    1
0.108598    1
0.108666    1
0.108737    1
0.108772    1
0.108799    1
0.108944    1
0.108979    1
0.109014    1
0.109027    1
0.109063    1
0.109139    1
0.109337    1
0.109449    1
0.109513    1
0.109617    1
0.109691    1
0.109763    1
0.109801    1
0.109895    1
0.109919    1
0.109974    1
0.110043    1
0.110158    1
0.110235    1
0.110291    1
0.110312    1
0.110409    1
0.110484    1
0.110488    1
0.110526    1
0.110543    1
0.110634    1
0.110799    1
0.110895    1
0.110919    1
0.111011    1
0.111053    1
0.111142    1
0.111205    1
0.111206    1
0.111287    1
0.111304    1
0.111472    1
0.111542    1
0.111588    1
0.111598    1
0.111616    1
0.111656    1
0.111722    1
0.111962    1
0.112019    1
0.112023    1
0.112153    1
0.112192    1
0.112229    1
0.112232    1
0.112659    1
0.112726    1
0.112845    1
0.112849    1
0.112918    1
0.112933    1
0.112943    1
0.113234    1
0.113236    1
0.113525    1
0.113534    1
0.113539    1
0.113638    1
0.113768    1
0.113816    1
0.114070    1
0.114187    1
0.114203    1
0.114204    1
0.114275    1
0.114301    1
0.114307    1
0.114330    1
0.114539    1
0.114644    1
0.114723    1
0.114771    1
0.114837    1
0.114849    1
0.114864    1
0.115052    1
0.115053    1
0.115127    1
0.115130    1
0.115285    1
0.115499    1
0.115559    1
0.115668    1
0.115761    1
0.115779    1
0.115816    1
0.115872    1
0.115928    1
0.116042    1
0.116110    1
0.116152    1
0.116168    1
0.116207    1
0.116207    1
0.116329    1
0.116388    1
0.116414    1
0.116424    1
0.116441    1
0.116448    1
0.116497    1
0.116570    1
0.116588    1
0.116589    1
0.116752    1
0.116767    1
0.116873    1
0.116979    1
0.116995    1
0.117113    1
0.117119    1
0.117128    1
0.117251    1
0.117301    1
0.117334    1
0.117336    1
0.117338    1
0.117345    1
0.117386    1
0.117430    1
0.117488    1
0.117639    1
0.117671    1
0.117706    1
0.117720    1
0.117774    1
0.117786    1
0.117852    1
0.117916    1
0.117976    1
0.118001    1
0.118036    1
0.118105    1
0.118148    1
0.118255    1
0.118281    1
0.118471    1
0.118576    1
0.118815    1
0.118840    1
0.118922    1
0.118999    1
0.119043    1
0.119075    1
0.119224    1
0.119327    1
0.119436    1
0.119454    1
0.119486    1
0.119575    1
0.119585    1
0.119625    1
0.119769    1
0.119789    1
0.119803    1
0.119901    1
0.119911    1
0.119990    1
0.120042    1
0.120158    1
0.120266    1
0.120438    1
0.120456    1
0.120476    1
0.120570    1
0.120610    1
0.120627    1
0.120744    1
0.120853    1
0.120867    1
0.120888    1
0.120943    1
0.120963    1
0.120972    1
0.121053    1
0.121088    1
0.121142    1
0.121276    1
0.121290    1
0.121316    1
0.121372    1
0.121399    1
0.121473    1
0.121478    1
0.121608    1
0.121677    1
0.121707    1
0.121868    1
0.121952    1
0.122013    1
0.122040    1
0.122054    1
0.122221    1
0.122269    1
0.122314    1
0.122363    1
0.122506    1
0.122675    1
0.122831    1
0.122911    1
0.123038    1
0.123085    1
0.123197    1
0.123221    1
0.123297    1
0.123393    1
0.123412    1
0.123471    1
0.123628    1
0.123657    1
0.123676    1
0.123695    1
0.123986    1
0.124072    1
0.124098    1
0.124174    1
0.124181    1
0.124184    1
0.124204    1
0.124244    1
0.124368    1
0.124473    1
0.124717    1
0.124747    1
0.124773    1
0.124818    1
0.124881    1
0.124973    1
0.125188    1
0.125272    1
0.125297    1
0.125406    1
0.125408    1
0.125503    1
0.125575    1
0.125614    1
0.125617    1
0.125632    1
0.125709    1
0.125842    1
0.125855    1
0.125876    1
0.125949    1
0.126095    1
0.126123    1
0.126234    1
0.126316    1
0.126324    1
0.126332    1
0.126680    1
0.126873    1
0.126950    1
0.126984    1
0.127053    1
0.127186    1
0.127216    1
0.127253    1
0.127349    1
0.127371    1
0.127387    1
0.127537    1
0.127589    1
0.127793    1
0.127830    1
0.127834    1
0.128017    1
0.128062    1
0.128084    1
0.128087    1
0.128143    1
0.128291    1
0.128334    1
0.128462    1
0.128480    1
0.128601    1
0.128721    1
0.128783    1
0.128787    1
0.128789    1
0.128920    1
0.129096    1
0.129101    1
0.129236    1
0.129361    1
0.129557    1
0.129633    1
0.129803    1
0.129804    1
0.129868    1
0.129928    1
0.129962    1
0.130003    1
0.130014    1
0.130027    1
0.130128    1
0.130194    1
0.130360    1
0.130379    1
0.130694    1
0.130704    1
0.130752    1
0.130769    1
0.130778    1
0.130810    1
0.130853    1
0.130863    1
0.130881    1
0.130893    1
0.130911    1
0.131161    1
0.131281    1
0.131333    1
0.131393    1
0.131414    1
0.131609    1
0.131651    1
0.131690    1
0.131795    1
0.131815    1
0.131856    1
0.131896    1
0.131938    1
0.131942    1
0.132010    1
0.132099    1
0.132115    1
0.132178    1
0.132297    1
0.132305    1
0.132321    1
0.132411    1
0.132449    1
0.132495    1
0.132497    1
0.132561    1
0.132602    1
0.132704    1
0.132710    1
0.132744    1
0.132866    1
0.132887    1
0.132889    1
0.133039    1
0.133259    1
0.133473    1
0.133479    1
0.133511    1
0.133567    1
0.133603    1
0.133633    1
0.133948    1
0.134109    1
0.134130    1
0.134139    1
0.134171    1
0.134194    1
0.134219    1
0.134355    1
0.134374    1
0.134591    1
0.134756    1
0.134784    1
0.134895    1
0.134912    1
0.134940    1
0.135134    1
0.135152    1
0.135321    1
0.135351    1
0.135370    1
0.135406    1
0.135485    1
0.135488    1
0.135615    1
0.135622    1
0.135633    1
0.135644    1
0.135675    1
0.135691    1
0.135713    1
0.135780    1
0.135792    1
0.135802    1
0.135878    1
0.135958    1
0.135966    1
0.136028    1
0.136058    1
0.136238    1
0.136240    1
0.136260    1
0.136305    1
0.136326    1
0.136373    1
0.136375    1
0.136414    1
0.136501    1
0.136528    1
0.136542    1
0.136561    1
0.136652    1
0.136668    1
0.136856    1
0.136885    1
0.136974    1
0.136985    1
0.137050    1
0.137054    1
0.137105    1
0.137279    1
0.137408    1
0.137500    1
0.137536    1
0.137630    1
0.137656    1
0.137776    1
0.137779    1
0.137799    1
0.137824    1
0.137859    1
0.137892    1
0.137982    1
0.137990    1
0.138039    1
0.138060    1
0.138136    1
0.138231    1
0.138252    1
0.138536    1
0.138762    1
0.138786    1
0.138790    1
0.138855    1
0.138871    1
0.138932    1
0.138961    1
0.139083    1
0.139185    1
0.139301    1
0.139335    1
0.139360    1
0.139464    1
0.139644    1
0.139717    1
0.139879    1
0.139921    1
0.139931    1
0.140054    1
0.140113    1
0.140234    1
0.140275    1
0.140304    1
0.140335    1
0.140530    1
0.140645    1
0.140658    1
0.140716    1
0.140746    1
0.140897    1
0.140935    1
0.140948    1
0.140990    1
0.141241    1
0.141288    1
0.141325    1
0.141359    1
0.141367    1
0.141396    1
0.141412    1
0.141532    1
0.141534    1
0.141535    1
0.141759    1
0.142056    1
0.142128    1
0.142146    1
0.142244    1
0.142307    1
0.142332    1
0.142346    1
0.142402    1
0.142419    1
0.142584    1
0.142695    1
0.142861    1
0.142877    1
0.143024    1
0.143234    1
0.143401    1
0.143429    1
0.143465    1
0.143500    1
0.143609    1
0.143617    1
0.143729    1
0.143740    1
0.143898    1
0.143906    1
0.143925    1
0.144089    1
0.144136    1
0.144248    1
0.144293    1
0.144321    1
0.144331    1
0.144402    1
0.144484    1
0.144739    1
0.144805    1
0.144938    1
0.144943    1
0.144970    1
0.145179    1
0.145212    1
0.145251    1
0.145253    1
0.145314    1
0.145321    1
0.145374    1
0.145424    1
0.145551    1
0.145637    1
0.145699    1
0.145889    1
0.145938    1
0.146020    1
0.146085    1
0.146160    1
0.146329    1
0.146393    1
0.146437    1
0.146453    1
0.146647    1
0.146746    1
0.146927    1
0.147011    1
0.147096    1
0.147131    1
0.147158    1
0.147211    1
0.147220    1
0.147360    1
0.147438    1
0.147488    1
0.147502    1
0.147595    1
0.147669    1
0.147777    1
0.147949    1
0.147999    1
0.148065    1
0.148176    1
0.148244    1
0.148271    1
0.148277    1
0.148438    1
0.148472    1
0.148737    1
0.148869    1
0.148993    1
0.149001    1
0.149108    1
0.149118    1
0.149150    1
0.149166    1
0.149170    1
0.149231    1
0.149387    1
0.149388    1
0.149464    1
0.149525    1
0.149536    1
0.149558    1
0.149610    1
0.149656    1
0.149804    1
0.149826    1
0.149914    1
0.149960    1
0.150034    1
0.150042    1
0.150074    1
0.150134    1
0.150144    1
0.150250    1
0.150316    1
0.150348    1
0.150354    1
0.150367    1
0.150491    1
0.150553    1
0.150631    1
0.150674    1
0.150932    1
0.151010    1
0.151033    1
0.151054    1
0.151201    1
0.151243    1
0.151248    1
0.151299    1
0.151445    1
0.151461    1
0.151520    1
0.151570    1
0.151622    1
0.151629    1
0.151652    1
0.151837    1
0.151970    1
0.151980    1
0.152025    1
0.152085    1
0.152118    1
0.152263    1
0.152307    1
0.152330    1
0.152353    1
0.152356    1
0.152410    1
0.152446    1
0.152516    1
0.152600    1
0.152631    1
0.152830    1
0.152854    1
0.152884    1
0.152920    1
0.152945    1
0.153034    1
0.153164    1
0.153200    1
0.153213    1
0.153494    1
0.153823    1
0.153837    1
0.153852    1
0.153873    1
0.153974    1
0.154041    1
0.154051    1
0.154064    1
0.154170    1
0.154171    1
0.154287    1
0.154397    1
0.154584    1
0.154619    1
0.154678    1
0.154720    1
0.154755    1
0.154823    1
0.154832    1
0.154972    1
0.155043    1
0.155174    1
0.155209    1
0.155237    1
0.155337    1
0.155406    1
0.155407    1
0.155623    1
0.155639    1
0.155669    1
0.155760    1
0.155918    1
0.155926    1
0.155950    1
0.156060    1
0.156198    1
0.156244    1
0.156334    1
0.156449    1
0.156469    1
0.156532    1
0.156602    1
0.156692    1
0.156756    1
0.156895    1
0.156927    1
0.156936    1
0.156998    1
0.156999    1
0.157010    1
0.157095    1
0.157164    1
0.157203    1
0.157261    1
0.157269    1
0.157470    1
0.157511    1
0.157744    1
0.157860    1
0.157875    1
0.157905    1
0.157976    1
0.157992    1
0.158052    1
0.158125    1
0.158166    1
0.158245    1
0.158293    1
0.158324    1
0.158350    1
0.158412    1
0.158472    1
0.158513    1
0.158697    1
0.158772    1
0.158824    1
0.158912    1
0.158949    1
0.158971    1
0.159212    1
0.159223    1
0.159236    1
0.159308    1
0.159385    1
0.159416    1
0.159418    1
0.159522    1
0.159526    1
0.159566    1
0.159622    1
0.159681    1
0.159713    1
0.159790    1
0.159962    1
0.159987    1
0.160053    1
0.160057    1
0.160063    1
0.160098    1
0.160134    1
0.160140    1
0.160176    1
0.160236    1
0.160332    1
0.160370    1
0.160561    1
0.160609    1
0.160636    1
0.160636    1
0.160679    1
0.160703    1
0.160747    1
0.160828    1
0.161004    1
0.161006    1
0.161014    1
0.161183    1
0.161230    1
0.161390    1
0.161455    1
0.161547    1
0.161553    1
0.161564    1
0.161568    1
0.161608    1
0.161611    1
0.161719    1
0.161837    1
0.162046    1
0.162049    1
0.162136    1
0.162198    1
0.162218    1
0.162309    1
0.162311    1
0.162353    1
0.162488    1
0.162490    1
0.162531    1
0.162671    1
0.162731    1
0.162760    1
0.162854    1
0.162930    1
0.162996    1
0.163057    1
0.163084    1
0.163374    1
0.163378    1
0.163427    1
0.163449    1
0.163503    1
0.163610    1
0.163644    1
0.163665    1
0.163736    1
0.163751    1
0.163788    1
0.163896    1
0.163924    1
0.164064    1
0.164168    1
0.164194    1
0.164289    1
0.164330    1
0.164349    1
0.164517    1
0.164567    1
0.164640    1
0.164814    1
0.164842    1
0.164863    1
0.164925    1
0.164977    1
0.164978    1
0.165054    1
0.165067    1
0.165120    1
0.165158    1
0.165310    1
0.165495    1
0.165817    1
0.165974    1
0.166000    1
0.166007    1
0.166010    1
0.166148    1
0.166272    1
0.166291    1
0.166345    1
0.166491    1
0.166535    1
0.166643    1
0.166674    1
0.166934    1
0.166974    1
0.167024    1
0.167109    1
0.167114    1
0.167220    1
0.167303    1
0.167390    1
0.167421    1
0.167500    1
0.167755    1
0.167769    1
0.167771    1
0.167838    1
0.167855    1
0.167858    1
0.168042    1
0.168080    1
0.168089    1
0.168156    1
0.168185    1
0.168188    1
0.168226    1
0.168361    1
0.168482    1
0.168485    1
0.168524    1
0.168570    1
0.168594    1
0.168690    1
0.168803    1
0.168833    1
0.168998    1
0.169007    1
0.169075    1
0.169104    1
0.169193    1
0.169235    1
0.169276    1
0.169330    1
0.169377    1
0.169589    1
0.169837    1
0.169864    1
0.169901    1
0.170034    1
0.170100    1
0.170107    1
0.170212    1
0.170241    1
0.170282    1
0.170455    1
0.170538    1
0.170580    1
0.170597    1
0.170598    1
0.170634    1
0.170968    1
0.170968    1
0.171098    1
0.171145    1
0.171158    1
0.171200    1
0.171230    1
0.171416    1
0.171489    1
0.171497    1
0.171596    1
0.171728    1
0.171972    1
0.171988    1
0.172181    1
0.172214    1
0.172274    1
0.172282    1
0.172355    1
0.172552    1
0.172641    1
0.172645    1
0.172645    1
0.172663    1
0.172791    1
0.172906    1
0.172914    1
0.172998    1
0.173160    1
0.173294    1
0.173370    1
0.173520    1
0.173592    1
0.173599    1
0.173659    1
0.173669    1
0.173677    1
0.173712    1
0.173797    1
0.173800    1
0.173992    1
0.174104    1
0.174141    1
0.174150    1
0.174150    1
0.174193    1
0.174345    1
0.174359    1
0.174408    1
0.174414    1
0.174452    1
0.174455    1
0.174509    1
0.174524    1
0.174581    1
0.174587    1
0.174757    1
0.174802    1
0.174868    1
0.174880    1
0.175132    1
0.175146    1
0.175149    1
0.175167    1
0.175375    1
0.175419    1
0.175519    1
0.175660    1
0.175845    1
0.175857    1
0.175876    1
0.175940    1
0.175975    1
0.176028    1
0.176070    1
0.176102    1
0.176102    1
0.176150    1
0.176253    1
0.176345    1
0.176419    1
0.176434    1
0.176456    1
0.176595    1
0.176595    1
0.176790    1
0.176827    1
0.176904    1
0.176914    1
0.176920    1
0.177169    1
0.177254    1
0.177285    1
0.177316    1
0.177318    1
0.177471    1
0.177564    1
0.177591    1
0.177617    1
0.177636    1
0.177644    1
0.177663    1
0.178012    1
0.178039    1
0.178156    1
0.178198    1
0.178241    1
0.178292    1
0.178481    1
0.178537    1
0.178631    1
0.178712    1
0.178794    1
0.178807    1
0.178877    1
0.178915    1
0.179024    1
0.179214    1
0.179234    1
0.179258    1
0.179349    1
0.179381    1
0.179427    1
0.179447    1
0.179466    1
0.179491    1
0.179592    1
0.179698    1
0.179775    1
0.179787    1
0.179865    1
0.179902    1
0.179940    1
0.180128    1
0.180131    1
0.180144    1
0.180235    1
0.180245    1
0.180253    1
0.180275    1
0.180304    1
0.180340    1
0.180346    1
0.180499    1
0.180550    1
0.180552    1
0.180572    1
0.180594    1
0.180666    1
0.180716    1
0.180756    1
0.180811    1
0.180930    1
0.180937    1
0.181099    1
0.181142    1
0.181261    1
0.181290    1
0.181294    1
0.181327    1
0.181338    1
0.181366    1
0.181387    1
0.181606    1
0.181666    1
0.181834    1
0.181899    1
0.182033    1
0.182041    1
0.182083    1
0.182109    1
0.182115    1
0.182340    1
0.182377    1
0.182426    1
0.182477    1
0.182492    1
0.182602    1
0.182613    1
0.182682    1
0.182726    1
0.182880    1
0.183015    1
0.183215    1
0.183272    1
0.183290    1
0.183399    1
0.183506    1
0.183800    1
0.183959    1
0.183963    1
0.183993    1
0.184093    1
0.184186    1
0.184449    1
0.184525    1
0.184644    1
0.184701    1
0.184707    1
0.184744    1
0.184802    1
0.184817    1
0.184968    1
0.185003    1
0.185011    1
0.185021    1
0.185024    1
0.185085    1
0.185087    1
0.185142    1
0.185176    1
0.185191    1
0.185230    1
0.185262    1
0.185266    1
0.185283    1
0.185369    1
0.185416    1
0.185428    1
0.185505    1
0.185550    1
0.185671    1
0.185725    1
0.185739    1
0.185764    1
0.185780    1
0.185837    1
0.185849    1
0.185850    1
0.185911    1
0.186054    1
0.186063    1
0.186266    1
0.186273    1
0.186319    1
0.186341    1
0.186419    1
0.186509    1
0.186519    1
0.186787    1
0.186788    1
0.186802    1
0.186938    1
0.186944    1
0.186951    1
0.186995    1
0.187237    1
0.187258    1
0.187312    1
0.187317    1
0.187372    1
0.187394    1
0.187493    1
0.187561    1
0.187567    1
0.187581    1
0.187617    1
0.187711    1
0.187883    1
0.187934    1
0.188048    1
0.188070    1
0.188112    1
0.188170    1
0.188207    1
0.188268    1
0.188273    1
0.188444    1
0.188481    1
0.188532    1
0.188655    1
0.188675    1
0.188766    1
0.188885    1
0.188914    1
0.188974    1
0.189002    1
0.189042    1
0.189070    1
0.189136    1
0.189244    1
0.189257    1
0.189262    1
0.189271    1
0.189312    1
0.189392    1
0.189403    1
0.189572    1
0.189589    1
0.189592    1
0.189688    1
0.189830    1
0.189847    1
0.189912    1
0.189925    1
0.190049    1
0.190088    1
0.190165    1
0.190178    1
0.190222    1
0.190251    1
0.190258    1
0.190261    1
0.190382    1
0.190417    1
0.190446    1
0.190460    1
0.190467    1
0.190535    1
0.190568    1
0.190600    1
0.190648    1
0.190686    1
0.190749    1
0.190860    1
0.190861    1
0.190997    1
0.191052    1
0.191095    1
0.191355    1
0.191498    1
0.191517    1
0.191580    1
0.191607    1
0.191705    1
0.191759    1
0.191825    1
0.191864    1
0.191943    1
0.192002    1
0.192016    1
0.192040    1
0.192056    1
0.192213    1
0.192258    1
0.192263    1
0.192317    1
0.192351    1
0.192399    1
0.192409    1
0.192492    1
0.192613    1
0.192644    1
0.192660    1
0.192812    1
0.192837    1
0.192958    1
0.193029    1
0.193111    1
0.193197    1
0.193239    1
0.193254    1
0.193263    1
0.193278    1
0.193440    1
0.193521    1
0.193596    1
0.193622    1
0.193763    1
0.193819    1
0.194075    1
0.194113    1
0.194274    1
0.194503    1
0.194608    1
0.194656    1
0.194701    1
0.194714    1
0.194733    1
0.194755    1
0.194787    1
0.194855    1
0.194949    1
0.195026    1
0.195059    1
0.195135    1
0.195223    1
0.195298    1
0.195340    1
0.195393    1
0.195438    1
0.195452    1
0.195528    1
0.195530    1
0.195663    1
0.195697    1
0.195734    1
0.195797    1
0.195885    1
0.196084    1
0.196163    1
0.196358    1
0.196442    1
0.196442    1
0.196498    1
0.196506    1
0.196756    1
0.196795    1
0.196803    1
0.196854    1
0.196855    1
0.196878    1
0.196911    1
0.196932    1
0.196991    1
0.197013    1
0.197234    1
0.197300    1
0.197321    1
0.197341    1
0.197390    1
0.197422    1
0.197452    1
0.197476    1
0.197489    1
0.197500    1
0.197561    1
0.197594    1
0.197620    1
0.197739    1
0.197769    1
0.197909    1
0.197952    1
0.198003    1
0.198016    1
0.198018    1
0.198033    1
0.198041    1
0.198105    1
0.198212    1
0.198228    1
0.198273    1
0.198280    1
0.198283    1
0.198310    1
0.198368    1
0.198402    1
0.198454    1
0.198547    1
0.198547    1
0.198683    1
0.198764    1
0.198774    1
0.198867    1
0.198908    1
0.199090    1
0.199120    1
0.199137    1
0.199160    1
0.199220    1
0.199369    1
0.199392    1
0.199426    1
0.199449    1
0.199544    1
0.199566    1
0.199597    1
0.199602    1
0.199680    1
0.199712    1
0.199744    1
0.199762    1
0.199774    1
0.199814    1
0.199851    1
0.199953    1
0.199987    1
0.200031    1
0.200055    1
0.200089    1
0.200297    1
0.200326    1
0.200368    1
0.200510    1
0.200562    1
0.200698    1
0.200709    1
0.200763    1
0.200790    1
0.200791    1
0.200835    1
0.200936    1
0.200973    1
0.201033    1
0.201198    1
0.201203    1
0.201276    1
0.201293    1
0.201341    1
0.201350    1
0.201351    1
0.201389    1
0.201632    1
0.201635    1
0.201707    1
0.201844    1
0.201851    1
0.201926    1
0.201971    1
0.201982    1
0.201987    1
0.202271    1
0.202273    1
0.202417    1
0.202517    1
0.202521    1
0.202535    1
0.202575    1
0.202924    1
0.202931    1
0.203001    1
0.203070    1
0.203105    1
0.203156    1
0.203268    1
0.203295    1
0.203414    1
0.203452    1
0.203521    1
0.203529    1
0.203728    1
0.203885    1
0.203970    1
0.204028    1
0.204038    1
0.204097    1
0.204123    1
0.204399    1
0.204407    1
0.204407    1
0.204419    1
0.204433    1
0.204471    1
0.204575    1
0.204620    1
0.204706    1
0.204850    1
0.204872    1
0.204874    1
0.204942    1
0.204942    1
0.204958    1
0.205044    1
0.205074    1
0.205103    1
0.205111    1
0.205178    1
0.205221    1
0.205246    1
0.205282    1
0.205283    1
0.205292    1
0.205439    1
0.205532    1
0.205630    1
0.205631    1
0.205690    1
0.205702    1
0.205763    1
0.205924    1
0.206012    1
0.206032    1
0.206128    1
0.206173    1
0.206177    1
0.206320    1
0.206354    1
0.206358    1
0.206389    1
0.206551    1
0.206662    1
0.206997    1
0.206998    1
0.207174    1
0.207272    1
0.207401    1
0.207550    1
0.207770    1
0.207996    1
0.208052    1
0.208075    1
0.208144    1
0.208176    1
0.208188    1
0.208226    1
0.208347    1
0.208541    1
0.208716    1
0.208730    1
0.208748    1
0.208945    1
0.209022    1
0.209023    1
0.209066    1
0.209090    1
0.209124    1
0.209124    1
0.209152    1
0.209228    1
0.209319    1
0.209322    1
0.209402    1
0.209499    1
0.209603    1
0.209613    1
0.209696    1
0.209725    1
0.209808    1
0.209954    1
0.209980    1
0.210027    1
0.210188    1
0.210219    1
0.210223    1
0.210252    1
0.210325    1
0.210350    1
0.210647    1
0.210789    1
0.210807    1
0.210876    1
0.211161    1
0.211168    1
0.211199    1
0.211208    1
0.211300    1
0.211302    1
0.211306    1
0.211308    1
0.211391    1
0.211420    1
0.211467    1
0.211514    1
0.211572    1
0.211576    1
0.211728    1
0.211768    1
0.211877    1
0.211926    1
0.211961    1
0.211980    1
0.212201    1
0.212496    1
0.212568    1
0.212601    1
0.212690    1
0.212716    1
0.212731    1
0.212844    1
0.212920    1
0.212926    1
0.212952    1
0.213049    1
0.213082    1
0.213129    1
0.213230    1
0.213275    1
0.213327    1
0.213374    1
0.213411    1
0.213424    1
0.213437    1
0.213511    1
0.213530    1
0.213568    1
0.213589    1
0.213620    1
0.213909    1
0.214055    1
0.214068    1
0.214114    1
0.214198    1
0.214205    1
0.214211    1
0.214217    1
0.214261    1
0.214309    1
0.214466    1
0.214486    1
0.214587    1
0.214667    1
0.214818    1
0.214856    1
0.214943    1
0.214982    1
0.215047    1
0.215123    1
0.215170    1
0.215229    1
0.215231    1
0.215426    1
0.215512    1
0.215549    1
0.215609    1
0.215638    1
0.215674    1
0.215698    1
0.216089    1
0.216104    1
0.216135    1
0.216186    1
0.216198    1
0.216202    1
0.216386    1
0.216458    1
0.216573    1
0.216579    1
0.216680    1
0.216745    1
0.216784    1
0.216809    1
0.216829    1
0.216941    1
0.216949    1
0.217041    1
0.217118    1
0.217204    1
0.217283    1
0.217311    1
0.217331    1
0.217346    1
0.217350    1
0.217376    1
0.217555    1
0.217586    1
0.217637    1
0.217745    1
0.217760    1
0.217866    1
0.217890    1
0.217893    1
0.217928    1
0.218067    1
0.218163    1
0.218200    1
0.218356    1
0.218460    1
0.218520    1
0.218641    1
0.218736    1
0.218799    1
0.218834    1
0.218841    1
0.218848    1
0.218978    1
0.219021    1
0.219031    1
0.219084    1
0.219160    1
0.219402    1
0.219572    1
0.219597    1
0.219618    1
0.219703    1
0.219801    1
0.219802    1
0.219832    1
0.219845    1
0.219915    1
0.219973    1
0.219984    1
0.220027    1
0.220055    1
0.220128    1
0.220262    1
0.220301    1
0.220327    1
0.220367    1
0.220379    1
0.220430    1
0.220433    1
0.220529    1
0.220568    1
0.220597    1
0.220718    1
0.220747    1
0.220748    1
0.220775    1
0.220793    1
0.220818    1
0.220867    1
0.220892    1
0.221041    1
0.221058    1
0.221067    1
0.221074    1
0.221102    1
0.221240    1
0.221284    1
0.221327    1
0.221363    1
0.221375    1
0.221446    1
0.221466    1
0.221497    1
0.221512    1
0.221639    1
0.221651    1
0.221659    1
0.221688    1
0.221708    1
0.221714    1
0.221756    1
0.221766    1
0.221790    1
0.221839    1
0.221851    1
0.221895    1
0.221970    1
0.221978    1
0.222088    1
0.222143    1
0.222241    1
0.222328    1
0.222337    1
0.222492    1
0.222519    1
0.222628    1
0.222629    1
0.222642    1
0.222798    1
0.222814    1
0.223083    1
0.223405    1
0.223411    1
0.223416    1
0.223472    1
0.223500    1
0.223554    1
0.223700    1
0.223730    1
0.223777    1
0.223819    1
0.223869    1
0.223905    1
0.223915    1
0.223926    1
0.224050    1
0.224067    1
0.224078    1
0.224143    1
0.224250    1
0.224294    1
0.224399    1
0.224401    1
0.224715    1
0.224760    1
0.224802    1
0.224971    1
0.225090    1
0.225105    1
0.225192    1
0.225208    1
0.225475    1
0.225710    1
0.225758    1
0.225761    1
0.225776    1
0.225781    1
0.225814    1
0.225829    1
0.225900    1
0.225906    1
0.226028    1
0.226137    1
0.226199    1
0.226215    1
0.226276    1
0.226293    1
0.226520    1
0.226593    1
0.226646    1
0.226647    1
0.226654    1
0.226725    1
0.226854    1
0.226856    1
0.226866    1
0.226924    1
0.226986    1
0.227036    1
0.227057    1
0.227118    1
0.227191    1
0.227232    1
0.227237    1
0.227259    1
0.227275    1
0.227513    1
0.227516    1
0.227635    1
0.227695    1
0.227754    1
0.227838    1
0.227913    1
0.228010    1
0.228042    1
0.228058    1
0.228123    1
0.228173    1
0.228215    1
0.228266    1
0.228289    1
0.228383    1
0.228415    1
0.228420    1
0.228463    1
0.228469    1
0.228514    1
0.228517    1
0.228549    1
0.228661    1
0.228707    1
0.228758    1
0.228786    1
0.228803    1
0.228919    1
0.229073    1
0.229130    1
0.229158    1
0.229161    1
0.229170    1
0.229201    1
0.229285    1
0.229293    1
0.229294    1
0.229348    1
0.229437    1
0.229443    1
0.229473    1
0.229510    1
0.229617    1
0.229644    1
0.229749    1
0.229752    1
0.229879    1
0.229880    1
0.229943    1
0.229967    1
0.230018    1
0.230038    1
0.230162    1
0.230219    1
0.230294    1
0.230297    1
0.230345    1
0.230539    1
0.230594    1
0.230631    1
0.230649    1
0.230660    1
0.230713    1
0.230733    1
0.230764    1
0.230928    1
0.231043    1
0.231168    1
0.231210    1
0.231247    1
0.231417    1
0.231543    1
0.231654    1
0.231716    1
0.231838    1
0.231841    1
0.231845    1
0.231851    1
0.231872    1
0.231877    1
0.231886    1
0.231908    1
0.231975    1
0.232089    1
0.232249    1
0.232273    1
0.232334    1
0.232386    1
0.232404    1
0.232420    1
0.232429    1
0.232562    1
0.232663    1
0.232743    1
0.232822    1
0.233002    1
0.233121    1
0.233310    1
0.233315    1
0.233322    1
0.233358    1
0.233408    1
0.233576    1
0.233625    1
0.233674    1
0.233892    1
0.233940    1
0.234047    1
0.234149    1
0.234251    1
0.234318    1
0.234381    1
0.234410    1
0.234487    1
0.234520    1
0.234546    1
0.234549    1
0.234642    1
0.234705    1
0.234881    1
0.234882    1
0.234885    1
0.234886    1
0.234907    1
0.234921    1
0.234975    1
0.234995    1
0.235217    1
0.235268    1
0.235328    1
0.235333    1
0.235366    1
0.235386    1
0.235442    1
0.235572    1
0.235588    1
0.235598    1
0.235618    1
0.235673    1
0.235687    1
0.235696    1
0.235731    1
0.235815    1
0.235853    1
0.235855    1
0.236313    1
0.236328    1
0.236380    1
0.236515    1
0.236536    1
0.236609    1
0.236641    1
0.236663    1
0.236798    1
0.236947    1
0.236948    1
0.236978    1
0.237120    1
0.237154    1
0.237215    1
0.237347    1
0.237421    1
0.237456    1
0.237457    1
0.237496    1
0.237600    1
0.237722    1
0.237741    1
0.237861    1
0.237960    1
0.238310    1
0.238503    1
0.238528    1
0.238650    1
0.238659    1
0.238698    1
0.238715    1
0.238767    1
0.238812    1
0.238825    1
0.238830    1
0.238861    1
0.238917    1
0.238935    1
0.239226    1
0.239248    1
0.239260    1
0.239410    1
0.239411    1
0.239571    1
0.239686    1
0.239750    1
0.239811    1
0.239846    1
0.240213    1
0.240214    1
0.240224    1
0.240276    1
0.240500    1
0.240513    1
0.240557    1
0.240602    1
0.240673    1
0.240770    1
0.240786    1
0.240832    1
0.240894    1
0.241008    1
0.241208    1
0.241266    1
0.241285    1
0.241331    1
0.241416    1
0.241459    1
0.241472    1
0.241507    1
0.241553    1
0.241739    1
0.241770    1
0.241781    1
0.241899    1
0.241916    1
0.241924    1
0.241925    1
0.241932    1
0.242094    1
0.242096    1
0.242114    1
0.242124    1
0.242194    1
0.242241    1
0.242273    1
0.242310    1
0.242485    1
0.242569    1
0.242612    1
0.242631    1
0.242727    1
0.242815    1
0.243078    1
0.243166    1
0.243221    1
0.243227    1
0.243234    1
0.243415    1
0.243497    1
0.243515    1
0.243519    1
0.243561    1
0.243621    1
0.243646    1
0.243674    1
0.243698    1
0.243720    1
0.243753    1
0.243820    1
0.243905    1
0.243930    1
0.243963    1
0.244086    1
0.244108    1
0.244132    1
0.244189    1
0.244236    1
0.244249    1
0.244296    1
0.244335    1
0.244410    1
0.244440    1
0.244579    1
0.244681    1
0.244759    1
0.244772    1
0.244806    1
0.244918    1
0.244924    1
0.244973    1
0.245110    1
0.245134    1
0.245284    1
0.245417    1
0.245450    1
0.245509    1
0.245542    1
0.245649    1
0.245677    1
0.245688    1
0.245695    1
0.245709    1
0.245745    1
0.245792    1
0.245853    1
0.245929    1
0.245953    1
0.245968    1
0.245971    1
0.246059    1
0.246165    1
0.246223    1
0.246244    1
0.246280    1
0.246411    1
0.246540    1
0.246569    1
0.246694    1
0.247000    1
0.247367    1
0.247430    1
0.247440    1
0.247492    1
0.247537    1
0.247595    1
0.247753    1
0.247764    1
0.247768    1
0.247796    1
0.247798    1
0.247991    1
0.248000    1
0.248242    1
0.248475    1
0.248481    1
0.248507    1
0.248587    1
0.248644    1
0.248649    1
0.248807    1
0.249009    1
0.249029    1
0.249086    1
0.249100    1
0.249195    1
0.249198    1
0.249524    1
0.249568    1
0.249720    1
0.249812    1
0.249859    1
0.249868    1
0.249879    1
0.249920    1
0.249973    1

================================================================================
frequency_hz
================================================================================
n: 3000
min: 0.5000794187037371
max: 1.998760366819905
mean: 1.247668566248244

value counts:
frequency_hz
0.500079    1
0.500340    1
0.503663    1
0.504958    1
0.505449    1
0.505619    1
0.505777    1
0.505848    1
0.506106    1
0.506881    1
0.507056    1
0.507444    1
0.507892    1
0.508027    1
0.508572    1
0.508749    1
0.508884    1
0.508915    1
0.509616    1
0.509638    1
0.509949    1
0.510699    1
0.511437    1
0.511567    1
0.511752    1
0.512095    1
0.512493    1
0.512906    1
0.513729    1
0.513879    1
0.514106    1
0.514426    1
0.514839    1
0.515020    1
0.515183    1
0.515765    1
0.516112    1
0.517235    1
0.517643    1
0.517683    1
0.518341    1
0.519457    1
0.519969    1
0.520105    1
0.520871    1
0.521298    1
0.521503    1
0.521666    1
0.521968    1
0.522171    1
0.522186    1
0.522339    1
0.522502    1
0.522774    1
0.523111    1
0.523153    1
0.523369    1
0.523498    1
0.524885    1
0.525395    1
0.526740    1
0.527266    1
0.527283    1
0.527382    1
0.527548    1
0.528365    1
0.528370    1
0.529138    1
0.530338    1
0.530382    1
0.530530    1
0.531124    1
0.531171    1
0.531387    1
0.531511    1
0.532086    1
0.532990    1
0.533793    1
0.535284    1
0.536186    1
0.536299    1
0.537386    1
0.537460    1
0.537881    1
0.538779    1
0.538813    1
0.540474    1
0.540716    1
0.540727    1
0.540972    1
0.541024    1
0.541180    1
0.541510    1
0.541978    1
0.542182    1
0.542319    1
0.542439    1
0.542636    1
0.543040    1
0.543090    1
0.543580    1
0.543654    1
0.544241    1
0.544435    1
0.544605    1
0.544674    1
0.544818    1
0.544832    1
0.545860    1
0.545902    1
0.546163    1
0.546237    1
0.547356    1
0.548115    1
0.548117    1
0.548199    1
0.548277    1
0.548376    1
0.548614    1
0.548700    1
0.548946    1
0.549202    1
0.549230    1
0.549477    1
0.550527    1
0.550654    1
0.550744    1
0.550810    1
0.550930    1
0.551027    1
0.551362    1
0.551810    1
0.551848    1
0.554269    1
0.554441    1
0.554483    1
0.555268    1
0.555671    1
0.556757    1
0.557270    1
0.557479    1
0.558219    1
0.558473    1
0.559321    1
0.560346    1
0.560569    1
0.560614    1
0.560684    1
0.561520    1
0.561598    1
0.562115    1
0.562409    1
0.563116    1
0.563491    1
0.564608    1
0.565042    1
0.565197    1
0.565923    1
0.566326    1
0.566751    1
0.567083    1
0.568347    1
0.568553    1
0.569381    1
0.570004    1
0.570028    1
0.570804    1
0.571386    1
0.571531    1
0.571912    1
0.572110    1
0.572421    1
0.572475    1
0.572974    1
0.573360    1
0.573501    1
0.573618    1
0.574567    1
0.574917    1
0.575249    1
0.576003    1
0.576406    1
0.576566    1
0.576664    1
0.576819    1
0.577397    1
0.578098    1
0.578366    1
0.579590    1
0.579596    1
0.579770    1
0.579925    1
0.580621    1
0.581632    1
0.582561    1
0.583675    1
0.584710    1
0.585101    1
0.586532    1
0.586617    1
0.586788    1
0.587019    1
0.587043    1
0.587362    1
0.587550    1
0.587671    1
0.588723    1
0.588778    1
0.589708    1
0.589991    1
0.591094    1
0.591576    1
0.591728    1
0.591802    1
0.591899    1
0.592316    1
0.592514    1
0.593439    1
0.594117    1
0.594183    1
0.594494    1
0.594593    1
0.594733    1
0.594967    1
0.595502    1
0.596101    1
0.596551    1
0.596650    1
0.597458    1
0.597612    1
0.597614    1
0.597971    1
0.598243    1
0.598656    1
0.598906    1
0.599113    1
0.599181    1
0.599227    1
0.599514    1
0.599639    1
0.599996    1
0.600421    1
0.600488    1
0.600726    1
0.601626    1
0.602429    1
0.602646    1
0.603444    1
0.603546    1
0.604641    1
0.606054    1
0.608430    1
0.609014    1
0.609728    1
0.610383    1
0.610384    1
0.610518    1
0.611339    1
0.612004    1
0.612766    1
0.614253    1
0.614303    1
0.614685    1
0.614989    1
0.615052    1
0.616576    1
0.616754    1
0.617092    1
0.617277    1
0.617785    1
0.617980    1
0.618011    1
0.618352    1
0.618527    1
0.618590    1
0.619151    1
0.619233    1
0.619317    1
0.620828    1
0.621047    1
0.622836    1
0.622934    1
0.623676    1
0.623912    1
0.624087    1
0.625600    1
0.625815    1
0.627454    1
0.628537    1
0.628767    1
0.628859    1
0.630279    1
0.630442    1
0.631016    1
0.631441    1
0.631480    1
0.632092    1
0.632217    1
0.632313    1
0.632427    1
0.633511    1
0.633738    1
0.634795    1
0.634936    1
0.635047    1
0.635629    1
0.636234    1
0.636615    1
0.637289    1
0.638486    1
0.639045    1
0.639232    1
0.639714    1
0.640193    1
0.640766    1
0.640790    1
0.641243    1
0.641452    1
0.642756    1
0.643451    1
0.643835    1
0.644087    1
0.644230    1
0.646140    1
0.646237    1
0.647016    1
0.647072    1
0.647872    1
0.648399    1
0.649123    1
0.649313    1
0.649370    1
0.649842    1
0.650252    1
0.651084    1
0.651387    1
0.651397    1
0.651499    1
0.651851    1
0.652467    1
0.654794    1
0.655339    1
0.655502    1
0.655703    1
0.655954    1
0.656009    1
0.656108    1
0.656220    1
0.656267    1
0.658016    1
0.658289    1
0.658524    1
0.658812    1
0.659220    1
0.659266    1
0.659382    1
0.659394    1
0.660021    1
0.660791    1
0.661146    1
0.661491    1
0.662283    1
0.663007    1
0.663907    1
0.663966    1
0.664491    1
0.664559    1
0.665029    1
0.665142    1
0.665940    1
0.666036    1
0.666763    1
0.666935    1
0.667021    1
0.667696    1
0.668130    1
0.668301    1
0.668638    1
0.668769    1
0.669036    1
0.669159    1
0.669238    1
0.670379    1
0.670520    1
0.670713    1
0.670794    1
0.670967    1
0.671000    1
0.671015    1
0.672197    1
0.672380    1
0.673345    1
0.674882    1
0.677541    1
0.677562    1
0.680073    1
0.680420    1
0.681532    1
0.681877    1
0.682066    1
0.682207    1
0.682304    1
0.683610    1
0.683858    1
0.683886    1
0.684700    1
0.685062    1
0.685107    1
0.685751    1
0.685998    1
0.687152    1
0.687393    1
0.687544    1
0.688649    1
0.689652    1
0.689755    1
0.690242    1
0.690484    1
0.691778    1
0.692342    1
0.693190    1
0.693887    1
0.694025    1
0.694167    1
0.694662    1
0.695866    1
0.695905    1
0.696341    1
0.696363    1
0.698025    1
0.698108    1
0.700820    1
0.701219    1
0.701873    1
0.702111    1
0.702827    1
0.703864    1
0.703996    1
0.704210    1
0.704380    1
0.704718    1
0.705280    1
0.705956    1
0.706307    1
0.706404    1
0.706728    1
0.706965    1
0.708091    1
0.708413    1
0.708413    1
0.709681    1
0.709706    1
0.709784    1
0.711217    1
0.711406    1
0.711522    1
0.711531    1
0.711785    1
0.713454    1
0.714756    1
0.715589    1
0.715904    1
0.716248    1
0.716373    1
0.716874    1
0.717820    1
0.718199    1
0.718581    1
0.719264    1
0.719362    1
0.721057    1
0.721402    1
0.721760    1
0.722306    1
0.722319    1
0.723805    1
0.724107    1
0.724107    1
0.724209    1
0.724310    1
0.724670    1
0.726592    1
0.727393    1
0.727658    1
0.727859    1
0.729047    1
0.729597    1
0.730087    1
0.730108    1
0.730491    1
0.730945    1
0.731289    1
0.733223    1
0.733424    1
0.733945    1
0.734750    1
0.734760    1
0.735119    1
0.735458    1
0.735951    1
0.736670    1
0.736859    1
0.737363    1
0.737370    1
0.738131    1
0.738945    1
0.739755    1
0.739860    1
0.739867    1
0.740111    1
0.740262    1
0.740612    1
0.741054    1
0.741570    1
0.742981    1
0.743331    1
0.743459    1
0.745251    1
0.745703    1
0.747115    1
0.747148    1
0.747481    1
0.748057    1
0.749302    1
0.749661    1
0.749764    1
0.750230    1
0.750306    1
0.750546    1
0.751158    1
0.751450    1
0.751784    1
0.751831    1
0.751893    1
0.751908    1
0.752247    1
0.753945    1
0.754066    1
0.754094    1
0.754243    1
0.754290    1
0.755270    1
0.757068    1
0.757786    1
0.757981    1
0.760233    1
0.761810    1
0.762204    1
0.763124    1
0.763442    1
0.764526    1
0.765883    1
0.766132    1
0.766506    1
0.766716    1
0.767046    1
0.767649    1
0.767802    1
0.767913    1
0.768062    1
0.768169    1
0.768343    1
0.769007    1
0.769504    1
0.770109    1
0.770637    1
0.770912    1
0.771040    1
0.771888    1
0.772417    1
0.773147    1
0.773623    1
0.775435    1
0.776105    1
0.776296    1
0.776365    1
0.776916    1
0.777515    1
0.777680    1
0.777999    1
0.778515    1
0.779463    1
0.779919    1
0.780025    1
0.780703    1
0.780897    1
0.781274    1
0.781500    1
0.781811    1
0.782097    1
0.782391    1
0.782514    1
0.783226    1
0.783547    1
0.783952    1
0.784173    1
0.784207    1
0.784448    1
0.785649    1
0.786114    1
0.787018    1
0.787204    1
0.787480    1
0.789460    1
0.789691    1
0.789972    1
0.790300    1
0.790921    1
0.791305    1
0.792117    1
0.792195    1
0.792401    1
0.792674    1
0.793175    1
0.793284    1
0.793628    1
0.795761    1
0.796114    1
0.796600    1
0.797634    1
0.797765    1
0.798240    1
0.798928    1
0.799143    1
0.799746    1
0.800893    1
0.801600    1
0.802952    1
0.803586    1
0.803646    1
0.803761    1
0.803826    1
0.803864    1
0.804490    1
0.804639    1
0.804669    1
0.804990    1
0.805039    1
0.805087    1
0.805914    1
0.806345    1
0.806707    1
0.808200    1
0.808410    1
0.808854    1
0.809346    1
0.809464    1
0.809660    1
0.810144    1
0.810289    1
0.810693    1
0.810702    1
0.811867    1
0.811878    1
0.812422    1
0.812618    1
0.813253    1
0.813448    1
0.814063    1
0.814116    1
0.814765    1
0.815324    1
0.816058    1
0.816347    1
0.816663    1
0.816794    1
0.817181    1
0.817940    1
0.819011    1
0.819745    1
0.819956    1
0.820131    1
0.820705    1
0.821237    1
0.821839    1
0.822159    1
0.822276    1
0.823749    1
0.824468    1
0.825608    1
0.826165    1
0.826254    1
0.826978    1
0.827480    1
0.828392    1
0.828898    1
0.830890    1
0.830983    1
0.831101    1
0.831210    1
0.831548    1
0.832225    1
0.832477    1
0.833039    1
0.833140    1
0.835373    1
0.835879    1
0.837151    1
0.837323    1
0.837343    1
0.837752    1
0.838050    1
0.838112    1
0.838162    1
0.839208    1
0.840389    1
0.840391    1
0.840464    1
0.840754    1
0.840774    1
0.841859    1
0.841880    1
0.842174    1
0.842195    1
0.842562    1
0.844317    1
0.844349    1
0.844458    1
0.844927    1
0.845190    1
0.847271    1
0.847291    1
0.847736    1
0.847824    1
0.847938    1
0.848436    1
0.848946    1
0.849288    1
0.849581    1
0.850099    1
0.851050    1
0.851124    1
0.853061    1
0.853964    1
0.854041    1
0.854222    1
0.855103    1
0.855394    1
0.855538    1
0.855576    1
0.855724    1
0.855856    1
0.855968    1
0.856090    1
0.856883    1
0.857724    1
0.857739    1
0.857747    1
0.857961    1
0.859321    1
0.859712    1
0.859923    1
0.860313    1
0.860350    1
0.860436    1
0.860755    1
0.861225    1
0.862129    1
0.863762    1
0.865184    1
0.865386    1
0.866087    1
0.866573    1
0.866581    1
0.866744    1
0.867378    1
0.868381    1
0.868919    1
0.869578    1
0.869700    1
0.870032    1
0.870565    1
0.871007    1
0.871022    1
0.871240    1
0.871906    1
0.872191    1
0.872322    1
0.872665    1
0.872757    1
0.872758    1
0.872862    1
0.873043    1
0.873075    1
0.873482    1
0.873621    1
0.874101    1
0.874367    1
0.876014    1
0.876294    1
0.877029    1
0.877680    1
0.879036    1
0.879058    1
0.879434    1
0.880587    1
0.880622    1
0.882057    1
0.882316    1
0.882342    1
0.883047    1
0.883077    1
0.884194    1
0.884512    1
0.885101    1
0.885189    1
0.886191    1
0.886678    1
0.888252    1
0.888946    1
0.889163    1
0.889435    1
0.891869    1
0.892245    1
0.892459    1
0.892897    1
0.893001    1
0.894570    1
0.894846    1
0.896498    1
0.896622    1
0.897661    1
0.898945    1
0.899176    1
0.899394    1
0.900801    1
0.900846    1
0.900932    1
0.901047    1
0.901936    1
0.902143    1
0.902344    1
0.902860    1
0.903042    1
0.903216    1
0.903431    1
0.904039    1
0.904163    1
0.904226    1
0.904783    1
0.905013    1
0.905018    1
0.905124    1
0.905164    1
0.905646    1
0.905762    1
0.906419    1
0.907441    1
0.907609    1
0.908126    1
0.908605    1
0.908851    1
0.909053    1
0.909218    1
0.910042    1
0.910347    1
0.910650    1
0.912038    1
0.912953    1
0.913070    1
0.914224    1
0.914913    1
0.915175    1
0.916411    1
0.917751    1
0.918496    1
0.919834    1
0.920433    1
0.920590    1
0.920739    1
0.921173    1
0.921446    1
0.923427    1
0.924146    1
0.924375    1
0.925736    1
0.926794    1
0.927061    1
0.927190    1
0.927456    1
0.929147    1
0.929909    1
0.930291    1
0.930492    1
0.932703    1
0.934451    1
0.934625    1
0.935760    1
0.937688    1
0.939321    1
0.939634    1
0.939818    1
0.940103    1
0.940712    1
0.941014    1
0.941066    1
0.941834    1
0.942999    1
0.943329    1
0.944030    1
0.944901    1
0.944910    1
0.944987    1
0.946241    1
0.947254    1
0.947418    1
0.948562    1
0.948743    1
0.950407    1
0.951797    1
0.951840    1
0.951859    1
0.952025    1
0.952186    1
0.954200    1
0.954998    1
0.955346    1
0.956391    1
0.956399    1
0.956562    1
0.956859    1
0.957825    1
0.958459    1
0.958617    1
0.959073    1
0.959521    1
0.960014    1
0.960253    1
0.960550    1
0.961085    1
0.961274    1
0.961292    1
0.963650    1
0.963713    1
0.963924    1
0.964196    1
0.964770    1
0.965327    1
0.966333    1
0.966434    1
0.967022    1
0.969184    1
0.969809    1
0.969969    1
0.970283    1
0.970729    1
0.972003    1
0.972525    1
0.973017    1
0.974224    1
0.974403    1
0.974496    1
0.975202    1
0.975523    1
0.976389    1
0.977076    1
0.977210    1
0.977744    1
0.980078    1
0.980376    1
0.980525    1
0.980762    1
0.980859    1
0.980944    1
0.981371    1
0.982310    1
0.982419    1
0.983453    1
0.984089    1
0.984986    1
0.985537    1
0.985539    1
0.985834    1
0.986660    1
0.987760    1
0.987942    1
0.988171    1
0.988609    1
0.989039    1
0.989051    1
0.989258    1
0.989492    1
0.989691    1
0.989747    1
0.989778    1
0.989862    1
0.990028    1
0.990188    1
0.990329    1
0.990565    1
0.990726    1
0.990938    1
0.991285    1
0.991604    1
0.992566    1
0.992581    1
0.992744    1
0.992889    1
0.993091    1
0.993355    1
0.994619    1
0.994797    1
0.994811    1
0.995439    1
0.995929    1
0.997245    1
0.997304    1
0.997482    1
0.998041    1
0.998184    1
0.998585    1
0.998796    1
0.998892    1
0.998983    1
0.999259    1
0.999475    1
0.999590    1
0.999881    1
1.002270    1
1.002866    1
1.002949    1
1.003894    1
1.004992    1
1.006336    1
1.006842    1
1.006861    1
1.006862    1
1.006943    1
1.007492    1
1.007492    1
1.007581    1
1.009448    1
1.009548    1
1.010676    1
1.011822    1
1.012820    1
1.014575    1
1.014787    1
1.016167    1
1.017368    1
1.017380    1
1.018909    1
1.019057    1
1.019059    1
1.019313    1
1.019369    1
1.019502    1
1.020775    1
1.021098    1
1.021868    1
1.021946    1
1.022299    1
1.023376    1
1.023530    1
1.023609    1
1.024107    1
1.024309    1
1.024319    1
1.024984    1
1.025794    1
1.026318    1
1.027486    1
1.027635    1
1.027993    1
1.028189    1
1.028580    1
1.029066    1
1.029968    1
1.030504    1
1.030574    1
1.030883    1
1.030956    1
1.031187    1
1.031691    1
1.031763    1
1.031881    1
1.032578    1
1.032640    1
1.032948    1
1.033996    1
1.034014    1
1.034259    1
1.034407    1
1.035306    1
1.035466    1
1.035501    1
1.036942    1
1.038884    1
1.039209    1
1.039714    1
1.040328    1
1.041309    1
1.041463    1
1.041828    1
1.042851    1
1.043420    1
1.044017    1
1.044086    1
1.044521    1
1.044632    1
1.045005    1
1.045417    1
1.045503    1
1.045609    1
1.045762    1
1.046424    1
1.046471    1
1.046889    1
1.047315    1
1.047686    1
1.047772    1
1.048273    1
1.048965    1
1.049554    1
1.049882    1
1.050765    1
1.051202    1
1.051246    1
1.052074    1
1.052791    1
1.053058    1
1.053743    1
1.054046    1
1.054252    1
1.054880    1
1.055102    1
1.056002    1
1.056031    1
1.056850    1
1.056978    1
1.057273    1
1.057314    1
1.057637    1
1.057663    1
1.057925    1
1.057985    1
1.059108    1
1.059145    1
1.059531    1
1.059917    1
1.060280    1
1.060462    1
1.060916    1
1.061132    1
1.061414    1
1.062112    1
1.062939    1
1.062990    1
1.063238    1
1.063484    1
1.064794    1
1.064858    1
1.064968    1
1.065322    1
1.065552    1
1.066974    1
1.067485    1
1.067624    1
1.067799    1
1.068287    1
1.069568    1
1.070318    1
1.070563    1
1.070608    1
1.071446    1
1.072268    1
1.072478    1
1.072944    1
1.072965    1
1.073426    1
1.074192    1
1.076891    1
1.076972    1
1.077139    1
1.078591    1
1.078657    1
1.079146    1
1.079566    1
1.080294    1
1.080940    1
1.081029    1
1.082707    1
1.083262    1
1.084488    1
1.085783    1
1.086041    1
1.087540    1
1.088129    1
1.089160    1
1.089477    1
1.090362    1
1.090460    1
1.090574    1
1.091744    1
1.091771    1
1.092163    1
1.092837    1
1.093042    1
1.093796    1
1.097375    1
1.098266    1
1.098423    1
1.098494    1
1.099039    1
1.099136    1
1.099200    1
1.099258    1
1.099268    1
1.100046    1
1.101276    1
1.101746    1
1.102122    1
1.102454    1
1.102536    1
1.102603    1
1.104387    1
1.104665    1
1.104777    1
1.105416    1
1.106671    1
1.107018    1
1.107394    1
1.107439    1
1.108408    1
1.108760    1
1.108881    1
1.108913    1
1.109875    1
1.110447    1
1.110608    1
1.110812    1
1.111019    1
1.111409    1
1.111859    1
1.112346    1
1.113262    1
1.113786    1
1.113865    1
1.115808    1
1.120446    1
1.120507    1
1.120848    1
1.120901    1
1.122906    1
1.123633    1
1.124069    1
1.124098    1
1.124336    1
1.124448    1
1.124555    1
1.124702    1
1.125484    1
1.125986    1
1.126306    1
1.127548    1
1.128337    1
1.128398    1
1.129091    1
1.129332    1
1.129340    1
1.129551    1
1.130280    1
1.130443    1
1.130935    1
1.131428    1
1.131608    1
1.132159    1
1.132577    1
1.133304    1
1.133308    1
1.133493    1
1.134794    1
1.134912    1
1.135814    1
1.136222    1
1.136441    1
1.136452    1
1.137246    1
1.137547    1
1.138015    1
1.138125    1
1.138482    1
1.138991    1
1.139063    1
1.139173    1
1.139868    1
1.140168    1
1.140403    1
1.140497    1
1.141417    1
1.141572    1
1.143234    1
1.143764    1
1.143835    1
1.144108    1
1.144262    1
1.144298    1
1.144299    1
1.145368    1
1.145569    1
1.145655    1
1.146098    1
1.146828    1
1.147989    1
1.148432    1
1.149381    1
1.149947    1
1.150406    1
1.151151    1
1.151735    1
1.152276    1
1.152856    1
1.153766    1
1.154179    1
1.154719    1
1.155769    1
1.155801    1
1.156192    1
1.156447    1
1.156946    1
1.157299    1
1.157510    1
1.159125    1
1.160497    1
1.160647    1
1.161447    1
1.161484    1
1.161628    1
1.161945    1
1.162342    1
1.162428    1
1.165373    1
1.165533    1
1.165718    1
1.167293    1
1.167786    1
1.167850    1
1.168037    1
1.168108    1
1.168158    1
1.168566    1
1.169360    1
1.169969    1
1.171180    1
1.171322    1
1.172438    1
1.172596    1
1.172792    1
1.173548    1
1.174927    1
1.174937    1
1.175036    1
1.175189    1
1.175261    1
1.175431    1
1.176131    1
1.176369    1
1.176778    1
1.178566    1
1.180929    1
1.182199    1
1.182475    1
1.183106    1
1.184071    1
1.184270    1
1.186186    1
1.186493    1
1.186730    1
1.186756    1
1.186810    1
1.187224    1
1.187322    1
1.187481    1
1.188642    1
1.189037    1
1.189781    1
1.191170    1
1.191347    1
1.192481    1
1.192899    1
1.192930    1
1.193044    1
1.193452    1
1.193736    1
1.194196    1
1.194332    1
1.194413    1
1.195125    1
1.196074    1
1.196224    1
1.197101    1
1.197467    1
1.197769    1
1.198507    1
1.199162    1
1.199195    1
1.199846    1
1.199937    1
1.200560    1
1.200796    1
1.201055    1
1.201152    1
1.201195    1
1.201443    1
1.201477    1
1.203481    1
1.204107    1
1.204476    1
1.205119    1
1.205352    1
1.205803    1
1.206525    1
1.207473    1
1.207932    1
1.209907    1
1.209964    1
1.210257    1
1.210420    1
1.210478    1
1.211983    1
1.212707    1
1.212971    1
1.213035    1
1.213228    1
1.214813    1
1.214885    1
1.214893    1
1.215849    1
1.216539    1
1.217004    1
1.217160    1
1.217439    1
1.217482    1
1.217492    1
1.217515    1
1.218115    1
1.219633    1
1.219782    1
1.219783    1
1.220201    1
1.221300    1
1.221547    1
1.221896    1
1.222213    1
1.222461    1
1.223349    1
1.223422    1
1.223620    1
1.223815    1
1.224861    1
1.224930    1
1.226271    1
1.226298    1
1.227104    1
1.227330    1
1.227762    1
1.228482    1
1.229329    1
1.230335    1
1.230448    1
1.231026    1
1.231051    1
1.231085    1
1.231128    1
1.231265    1
1.232413    1
1.232484    1
1.232573    1
1.234148    1
1.234185    1
1.234392    1
1.234697    1
1.234880    1
1.234930    1
1.235637    1
1.236031    1
1.236242    1
1.237128    1
1.237527    1
1.239606    1
1.240344    1
1.240428    1
1.240593    1
1.240743    1
1.240772    1
1.244255    1
1.245021    1
1.245046    1
1.245672    1
1.245717    1
1.246506    1
1.246713    1
1.246968    1
1.247092    1
1.248601    1
1.248932    1
1.249311    1
1.250360    1
1.250543    1
1.250984    1
1.251160    1
1.251878    1
1.251882    1
1.252065    1
1.252164    1
1.252502    1
1.252580    1
1.253030    1
1.253518    1
1.253805    1
1.255525    1
1.255805    1
1.255894    1
1.256279    1
1.256403    1
1.256645    1
1.257137    1
1.257545    1
1.257813    1
1.257890    1
1.258001    1
1.258234    1
1.258247    1
1.258388    1
1.259562    1
1.259804    1
1.259945    1
1.260020    1
1.260801    1
1.260971    1
1.261660    1
1.263052    1
1.264039    1
1.264053    1
1.264304    1
1.264601    1
1.265923    1
1.266166    1
1.266492    1
1.266735    1
1.266800    1
1.266914    1
1.268224    1
1.268481    1
1.268572    1
1.269003    1
1.269578    1
1.269592    1
1.269835    1
1.270860    1
1.271078    1
1.271088    1
1.271382    1
1.271771    1
1.271990    1
1.272112    1
1.272761    1
1.273909    1
1.274842    1
1.274997    1
1.275687    1
1.276445    1
1.277079    1
1.277925    1
1.278215    1
1.278583    1
1.278836    1
1.281581    1
1.283057    1
1.283667    1
1.283808    1
1.284416    1
1.284851    1
1.285304    1
1.285454    1
1.285540    1
1.285877    1
1.286054    1
1.286301    1
1.287804    1
1.288979    1
1.289892    1
1.289990    1
1.291626    1
1.291762    1
1.291910    1
1.292021    1
1.292462    1
1.293374    1
1.293431    1
1.294909    1
1.295274    1
1.295913    1
1.296622    1
1.296637    1
1.298271    1
1.298611    1
1.299196    1
1.299748    1
1.300898    1
1.300925    1
1.301352    1
1.301458    1
1.302251    1
1.303056    1
1.303925    1
1.305724    1
1.306211    1
1.307445    1
1.308798    1
1.309483    1
1.309905    1
1.310647    1
1.310995    1
1.314005    1
1.315242    1
1.316760    1
1.317315    1
1.318627    1
1.319798    1
1.320156    1
1.321722    1
1.322132    1
1.322624    1
1.322790    1
1.323040    1
1.323224    1
1.323491    1
1.324210    1
1.324487    1
1.324510    1
1.325677    1
1.327478    1
1.328022    1
1.329253    1
1.330967    1
1.331392    1
1.331685    1
1.332149    1
1.332237    1
1.333286    1
1.333520    1
1.333818    1
1.334818    1
1.334919    1
1.334960    1
1.335493    1
1.335748    1
1.335884    1
1.335915    1
1.336376    1
1.336661    1
1.336671    1
1.336851    1
1.338874    1
1.339412    1
1.340025    1
1.340774    1
1.340807    1
1.341591    1
1.341625    1
1.341906    1
1.342008    1
1.342325    1
1.342834    1
1.344034    1
1.344615    1
1.344721    1
1.344783    1
1.344857    1
1.346443    1
1.347037    1
1.347062    1
1.347223    1
1.347496    1
1.347651    1
1.348565    1
1.348991    1
1.349267    1
1.349437    1
1.349629    1
1.349774    1
1.349958    1
1.350093    1
1.350453    1
1.350769    1
1.350816    1
1.354231    1
1.354405    1
1.354866    1
1.355085    1
1.355309    1
1.355848    1
1.355887    1
1.356113    1
1.357066    1
1.357393    1
1.357810    1
1.357853    1
1.358158    1
1.359606    1
1.361870    1
1.362019    1
1.362068    1
1.362114    1
1.362594    1
1.364517    1
1.365711    1
1.365970    1
1.368382    1
1.368516    1
1.370843    1
1.370982    1
1.371218    1
1.371724    1
1.371930    1
1.372429    1
1.373182    1
1.374380    1
1.374559    1
1.374652    1
1.374865    1
1.375075    1
1.375161    1
1.375755    1
1.376102    1
1.376196    1
1.376687    1
1.377022    1
1.377832    1
1.378898    1
1.378948    1
1.379168    1
1.379393    1
1.380097    1
1.380119    1
1.380633    1
1.381843    1
1.382062    1
1.382161    1
1.382315    1
1.382323    1
1.382375    1
1.382471    1
1.382534    1
1.382615    1
1.382686    1
1.382800    1
1.383364    1
1.383656    1
1.384599    1
1.384775    1
1.386071    1
1.386096    1
1.386366    1
1.387236    1
1.387862    1
1.387962    1
1.388606    1
1.389442    1
1.390132    1
1.390635    1
1.391095    1
1.392058    1
1.392260    1
1.393372    1
1.393651    1
1.394078    1
1.394408    1
1.394528    1
1.394602    1
1.394635    1
1.394692    1
1.395284    1
1.396521    1
1.397836    1
1.397925    1
1.399022    1
1.399646    1
1.401333    1
1.401526    1
1.401589    1
1.402504    1
1.402533    1
1.402661    1
1.402800    1
1.403552    1
1.404233    1
1.405317    1
1.405826    1
1.405855    1
1.407510    1
1.408396    1
1.408673    1
1.410564    1
1.411219    1
1.411384    1
1.413309    1
1.413397    1
1.413662    1
1.414535    1
1.415442    1
1.416351    1
1.416731    1
1.416734    1
1.417283    1
1.417346    1
1.417543    1
1.417679    1
1.419432    1
1.420130    1
1.421704    1
1.422252    1
1.422997    1
1.425094    1
1.425321    1
1.425410    1
1.425598    1
1.426524    1
1.427039    1
1.427555    1
1.428258    1
1.428572    1
1.429522    1
1.430485    1
1.431115    1
1.431828    1
1.432134    1
1.432326    1
1.432781    1
1.433702    1
1.434065    1
1.434559    1
1.435106    1
1.437742    1
1.437981    1
1.438044    1
1.438060    1
1.438373    1
1.439408    1
1.439668    1
1.440080    1
1.441718    1
1.441957    1
1.442106    1
1.442167    1
1.442407    1
1.442490    1
1.442514    1
1.442683    1
1.443344    1
1.443479    1
1.444277    1
1.444324    1
1.444508    1
1.444722    1
1.444769    1
1.444798    1
1.444875    1
1.445204    1
1.445922    1
1.446670    1
1.446845    1
1.447503    1
1.447670    1
1.447684    1
1.447903    1
1.447944    1
1.448293    1
1.448364    1
1.448608    1
1.448946    1
1.450156    1
1.450379    1
1.451252    1
1.452745    1
1.453026    1
1.453643    1
1.453899    1
1.455435    1
1.456135    1
1.456673    1
1.457160    1
1.457263    1
1.457439    1
1.457514    1
1.457782    1
1.457846    1
1.457914    1
1.458137    1
1.458424    1
1.459621    1
1.460229    1
1.460392    1
1.460448    1
1.460700    1
1.463369    1
1.463718    1
1.464324    1
1.464407    1
1.465034    1
1.465633    1
1.465739    1
1.465845    1
1.466344    1
1.468227    1
1.468762    1
1.470245    1
1.470261    1
1.470676    1
1.470715    1
1.472307    1
1.472823    1
1.472954    1
1.473076    1
1.473545    1
1.473795    1
1.475167    1
1.475608    1
1.476071    1
1.476567    1
1.477553    1
1.477705    1
1.478814    1
1.479382    1
1.479931    1
1.481486    1
1.481644    1
1.482350    1
1.482586    1
1.482612    1
1.482755    1
1.483226    1
1.483455    1
1.483728    1
1.484055    1
1.484149    1
1.484524    1
1.484975    1
1.485379    1
1.486485    1
1.486560    1
1.486616    1
1.486923    1
1.487505    1
1.487629    1
1.488354    1
1.488964    1
1.489634    1
1.489901    1
1.490045    1
1.490856    1
1.491222    1
1.491342    1
1.491634    1
1.492277    1
1.492386    1
1.492581    1
1.492910    1
1.493017    1
1.493492    1
1.493933    1
1.495121    1
1.495616    1
1.495727    1
1.495773    1
1.496627    1
1.496771    1
1.497648    1
1.498281    1
1.498809    1
1.499148    1
1.499655    1
1.499796    1
1.500241    1
1.500823    1
1.501147    1
1.501491    1
1.502100    1
1.502667    1
1.503069    1
1.503144    1
1.503295    1
1.503447    1
1.503986    1
1.504142    1
1.504290    1
1.504404    1
1.505595    1
1.505817    1
1.505868    1
1.505921    1
1.506091    1
1.507405    1
1.508599    1
1.508736    1
1.509313    1
1.509661    1
1.509838    1
1.510343    1
1.510627    1
1.510857    1
1.510909    1
1.510957    1
1.511107    1
1.512994    1
1.513148    1
1.513863    1
1.513979    1
1.514003    1
1.514311    1
1.515074    1
1.515175    1
1.515653    1
1.515838    1
1.517753    1
1.517813    1
1.518538    1
1.518607    1
1.518609    1
1.519075    1
1.519509    1
1.519637    1
1.520444    1
1.520811    1
1.521040    1
1.521080    1
1.521788    1
1.522010    1
1.523034    1
1.523247    1
1.523402    1
1.523934    1
1.524413    1
1.524674    1
1.526606    1
1.526667    1
1.526782    1
1.527420    1
1.528057    1
1.528132    1
1.528700    1
1.529004    1
1.530129    1
1.530235    1
1.530257    1
1.531424    1
1.531904    1
1.532836    1
1.533031    1
1.533690    1
1.534118    1
1.534232    1
1.535016    1
1.536102    1
1.536176    1
1.536635    1
1.536671    1
1.537903    1
1.540993    1
1.541217    1
1.541235    1
1.541462    1
1.541544    1
1.542227    1
1.542816    1
1.543563    1
1.544177    1
1.544336    1
1.544641    1
1.544681    1
1.544965    1
1.545209    1
1.546124    1
1.546225    1
1.546278    1
1.546302    1
1.546880    1
1.547180    1
1.547446    1
1.547484    1
1.548446    1
1.548840    1
1.549462    1
1.549997    1
1.550274    1
1.550428    1
1.550429    1
1.550453    1
1.551306    1
1.551920    1
1.552636    1
1.553096    1
1.553191    1
1.553323    1
1.553746    1
1.553779    1
1.553908    1
1.554255    1
1.554443    1
1.554651    1
1.554655    1
1.554965    1
1.555510    1
1.555765    1
1.556889    1
1.557034    1
1.557076    1
1.557442    1
1.557542    1
1.558180    1
1.558957    1
1.559830    1
1.561267    1
1.561639    1
1.563349    1
1.563584    1
1.563651    1
1.563910    1
1.563933    1
1.564152    1
1.564951    1
1.565457    1
1.565492    1
1.565654    1
1.566750    1
1.567009    1
1.567217    1
1.567364    1
1.568665    1
1.568840    1
1.568905    1
1.569372    1
1.570022    1
1.570304    1
1.570680    1
1.570692    1
1.571131    1
1.571468    1
1.572758    1
1.572908    1
1.574319    1
1.574488    1
1.575236    1
1.575756    1
1.576229    1
1.576480    1
1.576775    1
1.578202    1
1.578908    1
1.579254    1
1.579694    1
1.579790    1
1.580360    1
1.580503    1
1.580717    1
1.581129    1
1.581230    1
1.582078    1
1.582288    1
1.582396    1
1.582956    1
1.583061    1
1.583274    1
1.584418    1
1.585290    1
1.586038    1
1.586772    1
1.586826    1
1.587178    1
1.587287    1
1.589637    1
1.590867    1
1.591132    1
1.591224    1
1.591642    1
1.591720    1
1.592029    1
1.592083    1
1.592135    1
1.592547    1
1.592914    1
1.593392    1
1.593409    1
1.593766    1
1.594045    1
1.594299    1
1.594413    1
1.594636    1
1.595148    1
1.595180    1
1.595412    1
1.595712    1
1.595961    1
1.595982    1
1.596016    1
1.596423    1
1.596671    1
1.597190    1
1.597546    1
1.597769    1
1.598041    1
1.600006    1
1.600963    1
1.602433    1
1.603946    1
1.605263    1
1.605746    1
1.606464    1
1.606723    1
1.607486    1
1.608020    1
1.611000    1
1.611762    1
1.612121    1
1.614678    1
1.614714    1
1.614890    1
1.615977    1
1.616108    1
1.617169    1
1.617416    1
1.618188    1
1.618445    1
1.618586    1
1.618826    1
1.618936    1
1.619254    1
1.619532    1
1.620659    1
1.621024    1
1.621108    1
1.621807    1
1.622561    1
1.623743    1
1.624233    1
1.624492    1
1.624596    1
1.624661    1
1.625519    1
1.625985    1
1.626169    1
1.626461    1
1.627270    1
1.627273    1
1.627372    1
1.627666    1
1.627756    1
1.628847    1
1.629736    1
1.631296    1
1.631488    1
1.631940    1
1.632063    1
1.632405    1
1.632454    1
1.633904    1
1.633995    1
1.634000    1
1.635109    1
1.635241    1
1.635309    1
1.635378    1
1.635513    1
1.637749    1
1.637905    1
1.638398    1
1.639082    1
1.639658    1
1.639820    1
1.640066    1
1.640195    1
1.640284    1
1.640861    1
1.642013    1
1.642173    1
1.642391    1
1.642547    1
1.643358    1
1.643378    1
1.643700    1
1.645120    1
1.645283    1
1.645897    1
1.646392    1
1.646668    1
1.649233    1
1.649621    1
1.650096    1
1.650122    1
1.650170    1
1.650355    1
1.650673    1
1.651228    1
1.651419    1
1.651441    1
1.652014    1
1.652670    1
1.653829    1
1.653960    1
1.654071    1
1.654185    1
1.654660    1
1.654919    1
1.654935    1
1.655234    1
1.655458    1
1.655996    1
1.656305    1
1.656756    1
1.656898    1
1.657050    1
1.658611    1
1.658790    1
1.658975    1
1.661349    1
1.661431    1
1.661945    1
1.662296    1
1.662531    1
1.663545    1
1.663734    1
1.663761    1
1.665188    1
1.665651    1
1.666191    1
1.666213    1
1.666611    1
1.667788    1
1.667965    1
1.668021    1
1.668543    1
1.668553    1
1.668960    1
1.669494    1
1.669908    1
1.669951    1
1.670380    1
1.670524    1
1.670650    1
1.671002    1
1.671627    1
1.671712    1
1.671782    1
1.671891    1
1.672118    1
1.672771    1
1.673428    1
1.675883    1
1.676002    1
1.676341    1
1.676855    1
1.678433    1
1.678729    1
1.679041    1
1.680305    1
1.680338    1
1.680506    1
1.681089    1
1.681818    1
1.682254    1
1.682352    1
1.682563    1
1.682644    1
1.682919    1
1.683008    1
1.683514    1
1.683710    1
1.684104    1
1.684153    1
1.684250    1
1.685013    1
1.685043    1
1.686054    1
1.686467    1
1.686660    1
1.686899    1
1.687156    1
1.687571    1
1.688315    1
1.688777    1
1.689708    1
1.690271    1
1.690308    1
1.690896    1
1.691415    1
1.692254    1
1.692334    1
1.692595    1
1.692937    1
1.693072    1
1.695428    1
1.696127    1
1.696813    1
1.696944    1
1.697152    1
1.697624    1
1.697866    1
1.698102    1
1.698352    1
1.698427    1
1.698529    1
1.699035    1
1.700125    1
1.700221    1
1.700247    1
1.700521    1
1.700624    1
1.700819    1
1.701016    1
1.701356    1
1.701566    1
1.701949    1
1.702880    1
1.703247    1
1.703306    1
1.703785    1
1.704186    1
1.706153    1
1.708577    1
1.708887    1
1.709165    1
1.709239    1
1.709463    1
1.711513    1
1.711990    1
1.712105    1
1.712231    1
1.712469    1
1.712703    1
1.713139    1
1.713395    1
1.713741    1
1.713982    1
1.715453    1
1.715526    1
1.715585    1
1.716325    1
1.716837    1
1.716915    1
1.717293    1
1.717470    1
1.717496    1
1.717666    1
1.717854    1
1.718123    1
1.718577    1
1.718908    1
1.719090    1
1.719320    1
1.720411    1
1.720446    1
1.720526    1
1.720592    1
1.720905    1
1.722070    1
1.723294    1
1.724590    1
1.725707    1
1.725721    1
1.725792    1
1.726078    1
1.726179    1
1.726478    1
1.726834    1
1.728138    1
1.728417    1
1.729515    1
1.730067    1
1.730141    1
1.730583    1
1.730738    1
1.731309    1
1.732317    1
1.733120    1
1.733627    1
1.734128    1
1.734944    1
1.735242    1
1.736177    1
1.736992    1
1.737073    1
1.737087    1
1.737100    1
1.737890    1
1.737900    1
1.737900    1
1.738091    1
1.738181    1
1.740504    1
1.740945    1
1.741150    1
1.742450    1
1.742919    1
1.743427    1
1.744817    1
1.745285    1
1.745539    1
1.746009    1
1.746174    1
1.746386    1
1.746640    1
1.746695    1
1.746792    1
1.748523    1
1.750234    1
1.750922    1
1.751087    1
1.751771    1
1.751938    1
1.752513    1
1.752618    1
1.752696    1
1.752956    1
1.753244    1
1.753464    1
1.755269    1
1.755848    1
1.756365    1
1.756495    1
1.758002    1
1.758410    1
1.759049    1
1.759848    1
1.760113    1
1.763005    1
1.763240    1
1.763777    1
1.764028    1
1.764666    1
1.765178    1
1.765852    1
1.765967    1
1.766084    1
1.766622    1
1.766879    1
1.768085    1
1.768176    1
1.768426    1
1.768656    1
1.769551    1
1.770514    1
1.771192    1
1.772024    1
1.773092    1
1.773398    1
1.774469    1
1.774840    1
1.774872    1
1.774890    1
1.775814    1
1.776209    1
1.777059    1
1.777437    1
1.777469    1
1.778185    1
1.778518    1
1.779737    1
1.780146    1
1.780533    1
1.780663    1
1.781402    1
1.782377    1
1.782835    1
1.782933    1
1.782976    1
1.782979    1
1.783398    1
1.784031    1
1.784204    1
1.784409    1
1.784990    1
1.785324    1
1.785560    1
1.788792    1
1.789836    1
1.789929    1
1.790738    1
1.790999    1
1.791307    1
1.792258    1
1.792608    1
1.792911    1
1.793214    1
1.793751    1
1.793899    1
1.794543    1
1.794785    1
1.796119    1
1.796753    1
1.797390    1
1.798541    1
1.798607    1
1.799350    1
1.799413    1
1.799503    1
1.800148    1
1.801660    1
1.802005    1
1.802166    1
1.803502    1
1.803790    1
1.804307    1
1.804602    1
1.806096    1
1.806619    1
1.807643    1
1.807761    1
1.808550    1
1.809109    1
1.809114    1
1.809290    1
1.809347    1
1.809977    1
1.810198    1
1.810759    1
1.811198    1
1.811391    1
1.814512    1
1.814581    1
1.814699    1
1.815950    1
1.816166    1
1.816208    1
1.817043    1
1.818365    1
1.818915    1
1.818957    1
1.819743    1
1.819792    1
1.819867    1
1.821115    1
1.821132    1
1.821290    1
1.822612    1
1.822812    1
1.824811    1
1.824997    1
1.825335    1
1.825705    1
1.825752    1
1.825980    1
1.826123    1
1.826800    1
1.827085    1
1.827798    1
1.828235    1
1.828471    1
1.828879    1
1.829941    1
1.830439    1
1.830566    1
1.831158    1
1.831560    1
1.831590    1
1.831836    1
1.831929    1
1.831978    1
1.832128    1
1.832599    1
1.832665    1
1.833288    1
1.833829    1
1.834097    1
1.835039    1
1.835932    1
1.835961    1
1.835983    1
1.836882    1
1.837286    1
1.837463    1
1.838056    1
1.838107    1
1.838309    1
1.838944    1
1.840287    1
1.841473    1
1.841896    1
1.842227    1
1.842517    1
1.842747    1
1.843264    1
1.843360    1
1.843972    1
1.845035    1
1.845143    1
1.845411    1
1.845723    1
1.846331    1
1.846375    1
1.846712    1
1.847155    1
1.847853    1
1.848211    1
1.848603    1
1.848940    1
1.849599    1
1.849797    1
1.849855    1
1.849970    1
1.850016    1
1.850722    1
1.850937    1
1.851590    1
1.852445    1
1.852461    1
1.853230    1
1.854337    1
1.855070    1
1.857555    1
1.858907    1
1.859709    1
1.860837    1
1.860954    1
1.861924    1
1.862059    1
1.863727    1
1.863949    1
1.864229    1
1.864995    1
1.865528    1
1.866773    1
1.867214    1
1.867969    1
1.868658    1
1.869013    1
1.869131    1
1.869621    1
1.869987    1
1.870494    1
1.870933    1
1.873166    1
1.873299    1
1.873303    1
1.873444    1
1.873597    1
1.873959    1
1.874046    1
1.875564    1
1.876208    1
1.876958    1
1.878307    1
1.878357    1
1.878533    1
1.879033    1
1.879283    1
1.880161    1
1.880170    1
1.880531    1
1.881138    1
1.881325    1
1.881538    1
1.882369    1
1.882761    1
1.883103    1
1.883492    1
1.883495    1
1.883580    1
1.883764    1
1.884823    1
1.885116    1
1.885338    1
1.885449    1
1.885570    1
1.885978    1
1.886610    1
1.886623    1
1.887416    1
1.887602    1
1.888314    1
1.888353    1
1.888543    1
1.888631    1
1.889019    1
1.889662    1
1.889684    1
1.889827    1
1.889982    1
1.890234    1
1.891042    1
1.891197    1
1.891548    1
1.892630    1
1.893116    1
1.893391    1
1.893642    1
1.893840    1
1.894479    1
1.894486    1
1.894928    1
1.894974    1
1.895328    1
1.895826    1
1.896502    1
1.897207    1
1.897768    1
1.898216    1
1.900215    1
1.900935    1
1.901880    1
1.902233    1
1.902414    1
1.902632    1
1.902734    1
1.902763    1
1.903834    1
1.904510    1
1.904808    1
1.905088    1
1.906328    1
1.907286    1
1.908171    1
1.908412    1
1.909268    1
1.910823    1
1.910840    1
1.911048    1
1.911181    1
1.912293    1
1.912701    1
1.912782    1
1.912924    1
1.913272    1
1.913466    1
1.914015    1
1.914684    1
1.915263    1
1.915533    1
1.915550    1
1.916098    1
1.916135    1
1.916454    1
1.917002    1
1.917005    1
1.917402    1
1.917632    1
1.918354    1
1.918580    1
1.919986    1
1.920285    1
1.921047    1
1.921268    1
1.921713    1
1.921991    1
1.922426    1
1.922462    1
1.922490    1
1.924537    1
1.925526    1
1.925616    1
1.926371    1
1.927729    1
1.927747    1
1.928000    1
1.929992    1
1.932536    1
1.934094    1
1.934659    1
1.934756    1
1.934785    1
1.935543    1
1.935619    1
1.935645    1
1.935778    1
1.935796    1
1.935947    1
1.936710    1
1.937107    1
1.937232    1
1.937250    1
1.937420    1
1.937989    1
1.938407    1
1.938715    1
1.938816    1
1.939456    1
1.939598    1
1.940038    1
1.940316    1
1.940550    1
1.941162    1
1.941343    1
1.942343    1
1.942754    1
1.942870    1
1.943024    1
1.943188    1
1.944154    1
1.944543    1
1.945995    1
1.946104    1
1.946259    1
1.946704    1
1.946938    1
1.947078    1
1.947562    1
1.947897    1
1.948334    1
1.948744    1
1.948884    1
1.949151    1
1.949200    1
1.949205    1
1.949664    1
1.950681    1
1.952443    1
1.953106    1
1.953756    1
1.953810    1
1.953827    1
1.954172    1
1.954422    1
1.954768    1
1.954819    1
1.954841    1
1.956323    1
1.957036    1
1.957155    1
1.957647    1
1.958548    1
1.960408    1
1.960467    1
1.961507    1
1.961750    1
1.961823    1
1.961917    1
1.962690    1
1.962777    1
1.962964    1
1.963282    1
1.963654    1
1.963719    1
1.963899    1
1.964348    1
1.964619    1
1.965456    1
1.965962    1
1.966204    1
1.966309    1
1.966681    1
1.966774    1
1.967190    1
1.968981    1
1.970122    1
1.970376    1
1.970836    1
1.970872    1
1.971128    1
1.971729    1
1.972263    1
1.972647    1
1.974524    1
1.974801    1
1.975136    1
1.975518    1
1.975939    1
1.975944    1
1.977403    1
1.978139    1
1.978543    1
1.978810    1
1.980628    1
1.980765    1
1.980881    1
1.981068    1
1.981131    1
1.982881    1
1.983633    1
1.983818    1
1.984001    1
1.984724    1
1.984760    1
1.985047    1
1.985591    1
1.985594    1
1.985679    1
1.985985    1
1.986419    1
1.986435    1
1.987159    1
1.987842    1
1.988214    1
1.990178    1
1.990265    1
1.990900    1
1.990911    1
1.991351    1
1.991923    1
1.992026    1
1.992061    1
1.993500    1
1.994456    1
1.995079    1
1.995103    1
1.996546    1
1.997051    1
1.997070    1
1.997740    1
1.998055    1
1.998760    1

================================================================================
noise_level
================================================================================
n: 3000
min: 0.0
max: 0.2
mean: 0.08663333333333333
unique: [0.   0.05 0.1  0.2 ]

value counts:
noise_level
0.00    744
0.05    750
0.10    788
0.20    718

================================================================================
n_damaged_stories
================================================================================
n: 3000
min: 0
max: 2
mean: 1.2
unique: [0 1 2]

value counts:
n_damaged_stories
0     596
1    1208
2    1196

================================================================================
DAMAGE VECTORS
================================================================================
shape: (3000, 4)
global min: 0.0
global max: 0.3497992685732284
nonzero min: 0.050003498297984
nonzero max: 0.3497992685732284
healthy cases: 596
healthy ratio: 0.19866666666666666
damaged-story-count distribution:
0 596
1 1208
2 1196

AUDIT COMPLETE
